%YAML:1.0
my_svm: !!opencv-ml-svm
   svm_type: C_SVC
   kernel: { type:RBF, gamma:1.5000000000000001e-04 }
   C: 6.2500000000000000e+01
   term_criteria: { epsilon:1.1920928955078125e-07, iterations:1000 }
   var_all: 200
   var_count: 200
   class_count: 2
   class_labels: !!opencv-matrix
      rows: 1
      cols: 2
      dt: i
      data: [ -1, 1 ]
   sv_total: 34
   support_vectors:
      - [ 0., 0., 0., 0., 0., 0., 0., 0., 0., 0., 0., 0., 0., 0., 1., 0.,
          0., 1., 0., 0., 0., 0., 0., 0., 0., 0., 0., 1., 0., 0., 0., 0.,
          1., 1., 0., 0., 0., 0., 1., 0., 0., 0., 0., 0., 1., 0., 0., 0.,
          0., 0., 0., 0., 0., 0., 0., 0., 0., 0., 0., 0., 0., 0., 0., 0.,
          1., 0., 1., 0., 0., 0., 0., 0., 0., 0., 0., 0., 0., 0., 0., 0.,
          0., 1., 0., 0., 0., 0., 0., 0., 0., 0., 1., 0., 0., 0., 0., 0.,
          0., 1., 0., 0., 1., 1., 0., 0., 0., 1., 0., 0., 1., 0., 0., 0.,
          0., 0., 0., 5., 0., 0., 0., 0., 0., 0., 0., 1., 0., 0., 1., 0.,
          0., 0., 0., 0., 0., 0., 1., 0., 0., 0., 0., 1., 0., 0., 0., 1.,
          0., 0., 0., 0., 0., 0., 0., 0., 0., 0., 0., 0., 0., 0., 1., 0.,
          2., 0., 0., 1., 0., 0., 0., 1., 0., 0., 0., 0., 0., 0., 0., 1.,
          0., 2., 0., 0., 0., 0., 0., 0., 0., 0., 0., 0., 0., 1., 2., 0.,
          0., 0., 0., 0., 0., 0., 0., 0. ]
      - [ 0., 0., 0., 0., 0., 0., 0., 0., 0., 2., 0., 0., 0., 0., 0., 1.,
          0., 0., 0., 0., 1., 0., 0., 0., 0., 1., 2., 0., 0., 0., 0., 0.,
          1., 0., 0., 1., 0., 0., 1., 0., 0., 0., 0., 0., 1., 0., 0., 0.,
          0., 0., 0., 0., 1., 1., 0., 1., 0., 1., 0., 0., 0., 2., 0., 0.,
          0., 0., 0., 0., 0., 0., 4., 0., 1., 0., 0., 0., 0., 2., 0., 0.,
          0., 0., 0., 0., 0., 0., 3., 0., 0., 0., 1., 1., 2., 0., 0., 0.,
          0., 0., 0., 0., 0., 0., 0., 2., 0., 1., 1., 0., 2., 0., 0., 0.,
          0., 0., 0., 0., 0., 4., 0., 0., 0., 0., 0., 1., 1., 0., 0., 0.,
          0., 5., 0., 0., 0., 1., 0., 0., 2., 1., 0., 0., 0., 0., 0., 0.,
          0., 0., 0., 0., 1., 0., 0., 1., 0., 0., 0., 0., 0., 3., 2., 0.,
          1., 0., 1., 2., 0., 0., 0., 0., 0., 0., 0., 0., 0., 0., 0., 0.,
          4., 0., 0., 0., 0., 0., 0., 0., 1., 0., 0., 0., 0., 0., 0., 0.,
          0., 0., 0., 0., 0., 0., 0., 0. ]
      - [ 1., 0., 0., 0., 0., 0., 0., 0., 0., 0., 0., 0., 0., 0., 0., 0.,
          0., 1., 0., 2., 0., 0., 0., 0., 1., 0., 1., 0., 0., 0., 0., 0.,
          2., 0., 0., 0., 0., 0., 3., 0., 0., 0., 0., 0., 0., 1., 0., 0.,
          0., 0., 0., 0., 0., 0., 0., 0., 0., 0., 0., 0., 0., 1., 0., 1.,
          2., 0., 0., 0., 0., 0., 0., 0., 0., 0., 0., 0., 0., 1., 0., 0.,
          0., 0., 0., 1., 0., 0., 0., 0., 0., 1., 0., 0., 0., 0., 0., 0.,
          0., 0., 1., 0., 2., 0., 0., 0., 0., 0., 0., 0., 0., 0., 0., 0.,
          0., 0., 0., 1., 1., 1., 0., 0., 0., 0., 0., 0., 0., 0., 0., 0.,
          0., 0., 1., 0., 0., 0., 0., 0., 0., 0., 0., 0., 0., 0., 0., 0.,
          0., 0., 0., 0., 0., 0., 0., 0., 0., 0., 0., 0., 0., 0., 0., 0.,
          3., 0., 0., 0., 0., 0., 0., 0., 0., 0., 0., 0., 0., 0., 0., 1.,
          0., 0., 0., 1., 0., 1., 0., 0., 0., 0., 0., 0., 0., 0., 0., 0.,
          0., 0., 0., 0., 0., 0., 0., 1. ]
      - [ 0., 0., 0., 3., 0., 0., 0., 0., 0., 0., 4., 0., 0., 0., 0., 0.,
          0., 0., 0., 0., 0., 0., 0., 0., 0., 0., 0., 0., 0., 0., 0., 0.,
          0., 0., 0., 0., 0., 0., 0., 0., 0., 0., 0., 0., 0., 0., 0., 1.,
          0., 0., 1., 0., 3., 3., 4., 0., 0., 1., 0., 0., 0., 2., 3., 0.,
          0., 0., 0., 0., 0., 0., 0., 1., 0., 2., 0., 0., 0., 2., 0., 0.,
          0., 0., 0., 2., 0., 0., 0., 0., 2., 1., 0., 0., 2., 0., 0., 2.,
          0., 0., 2., 0., 0., 1., 1., 0., 0., 1., 2., 0., 0., 0., 0., 0.,
          0., 0., 0., 0., 0., 0., 0., 0., 0., 0., 0., 0., 0., 0., 0., 0.,
          0., 0., 0., 1., 0., 1., 0., 0., 0., 2., 0., 0., 0., 0., 0., 1.,
          0., 1., 0., 0., 0., 1., 0., 0., 0., 0., 0., 0., 0., 0., 2., 0.,
          1., 0., 0., 0., 0., 0., 0., 1., 0., 0., 0., 1., 0., 0., 1., 0.,
          0., 0., 0., 1., 0., 0., 0., 0., 0., 0., 0., 0., 0., 0., 0., 0.,
          0., 1., 0., 0., 0., 0., 0., 0. ]
      - [ 0., 0., 0., 0., 0., 0., 0., 0., 0., 0., 0., 0., 0., 0., 0., 0.,
          0., 0., 0., 0., 0., 0., 0., 0., 0., 0., 0., 2., 0., 1., 0., 0.,
          0., 0., 0., 0., 0., 0., 0., 0., 0., 0., 0., 0., 0., 0., 0., 0.,
          0., 0., 0., 0., 0., 1., 1., 0., 0., 0., 0., 0., 0., 0., 0., 1.,
          18., 0., 0., 0., 0., 0., 0., 0., 0., 0., 0., 0., 0., 0., 0.,
          0., 0., 0., 0., 0., 0., 0., 1., 0., 0., 0., 0., 0., 0., 0., 0.,
          0., 0., 0., 1., 0., 0., 0., 0., 0., 0., 0., 1., 0., 0., 0., 0.,
          0., 0., 0., 0., 0., 0., 0., 0., 0., 0., 0., 1., 1., 1., 0., 0.,
          0., 0., 0., 0., 0., 0., 0., 0., 0., 0., 0., 0., 0., 0., 0., 0.,
          1., 0., 0., 3., 0., 0., 0., 0., 0., 0., 0., 0., 0., 0., 0., 0.,
          1., 0., 1., 0., 1., 0., 0., 0., 3., 6., 0., 0., 0., 0., 0., 0.,
          0., 0., 0., 0., 0., 0., 0., 0., 0., 0., 0., 0., 1., 2., 0., 0.,
          0., 0., 1., 1., 0., 1., 0., 0., 0. ]
      - [ 0., 0., 0., 0., 0., 1., 0., 0., 0., 0., 0., 0., 0., 0., 0., 0.,
          0., 0., 0., 0., 0., 0., 0., 1., 0., 0., 0., 0., 0., 0., 0., 0.,
          0., 3., 0., 0., 0., 0., 3., 0., 0., 0., 0., 0., 1., 1., 0., 0.,
          0., 0., 1., 0., 0., 0., 0., 0., 0., 0., 0., 0., 0., 0., 0., 0.,
          1., 0., 0., 0., 0., 0., 0., 0., 1., 0., 0., 0., 0., 1., 0., 0.,
          0., 0., 1., 0., 0., 0., 0., 0., 0., 0., 1., 0., 0., 0., 0., 0.,
          0., 0., 2., 0., 0., 0., 0., 0., 0., 0., 0., 0., 0., 0., 2., 2.,
          0., 0., 0., 0., 0., 0., 0., 0., 0., 0., 1., 0., 0., 0., 1., 0.,
          0., 0., 0., 0., 0., 0., 0., 0., 0., 0., 0., 0., 0., 0., 0., 0.,
          0., 0., 0., 0., 0., 0., 0., 0., 0., 0., 0., 0., 0., 0., 0., 0.,
          0., 0., 0., 0., 0., 0., 0., 0., 0., 0., 0., 1., 0., 0., 0., 0.,
          0., 0., 0., 1., 0., 0., 0., 0., 0., 0., 0., 0., 0., 0., 0., 0.,
          0., 0., 0., 0., 0., 0., 0., 1. ]
      - [ 0., 0., 0., 0., 0., 0., 0., 1., 0., 0., 0., 0., 0., 0., 0., 0.,
          0., 0., 0., 0., 0., 0., 0., 3., 0., 0., 0., 0., 0., 0., 0., 0.,
          0., 0., 0., 0., 0., 0., 1., 0., 0., 0., 0., 0., 0., 9., 0., 0.,
          0., 0., 0., 1., 0., 0., 0., 1., 0., 0., 0., 0., 0., 1., 0., 0.,
          0., 0., 0., 0., 0., 0., 3., 0., 0., 0., 0., 1., 0., 1., 0., 0.,
          0., 1., 0., 0., 0., 0., 1., 0., 0., 0., 0., 0., 0., 0., 0., 0.,
          0., 0., 0., 0., 0., 0., 0., 0., 0., 0., 0., 0., 0., 0., 0., 0.,
          0., 0., 0., 0., 0., 0., 0., 0., 3., 0., 0., 0., 0., 0., 0., 0.,
          0., 0., 0., 0., 0., 0., 0., 1., 0., 0., 0., 0., 0., 0., 0., 0.,
          0., 0., 0., 0., 0., 0., 0., 0., 0., 0., 1., 1., 0., 0., 0., 1.,
          0., 0., 0., 0., 0., 0., 0., 0., 0., 0., 0., 0., 0., 0., 0., 0.,
          0., 0., 0., 0., 0., 0., 0., 0., 0., 0., 0., 0., 0., 1., 0., 0.,
          0., 0., 0., 0., 0., 8., 0., 8. ]
      - [ 0., 0., 1., 0., 0., 0., 2., 0., 0., 0., 0., 0., 0., 0., 1., 1.,
          0., 0., 0., 0., 1., 0., 0., 0., 1., 0., 0., 0., 0., 0., 0., 0.,
          0., 1., 0., 0., 0., 0., 0., 0., 0., 0., 0., 0., 2., 0., 0., 0.,
          0., 1., 0., 0., 0., 0., 1., 0., 0., 0., 0., 0., 0., 0., 0., 0.,
          0., 0., 0., 0., 0., 0., 0., 1., 0., 0., 0., 0., 0., 0., 0., 0.,
          0., 0., 1., 1., 0., 0., 0., 0., 0., 0., 0., 0., 0., 0., 0., 0.,
          0., 0., 0., 1., 0., 0., 0., 0., 0., 0., 0., 0., 1., 1., 0., 0.,
          0., 0., 0., 0., 0., 0., 0., 0., 0., 0., 0., 0., 0., 0., 0., 0.,
          0., 0., 0., 0., 0., 2., 0., 0., 0., 1., 0., 0., 0., 0., 0., 1.,
          0., 0., 0., 1., 0., 0., 0., 0., 0., 0., 0., 0., 0., 0., 1., 1.,
          0., 1., 1., 0., 0., 0., 0., 0., 1., 0., 0., 0., 0., 0., 0., 0.,
          0., 0., 0., 0., 0., 0., 0., 0., 0., 0., 0., 0., 0., 0., 0., 0.,
          0., 0., 0., 0., 0., 0., 0., 0. ]
      - [ 0., 0., 0., 0., 2., 0., 0., 0., 0., 0., 0., 0., 0., 0., 0., 0.,
          0., 4., 0., 0., 0., 1., 0., 0., 0., 0., 0., 0., 0., 0., 0., 0.,
          0., 0., 1., 0., 0., 2., 0., 0., 1., 0., 1., 0., 0., 0., 0., 0.,
          0., 0., 0., 0., 0., 0., 1., 1., 0., 0., 0., 1., 0., 0., 7., 0.,
          0., 1., 0., 1., 0., 0., 0., 0., 1., 1., 0., 0., 0., 0., 0., 0.,
          0., 1., 0., 0., 0., 1., 0., 0., 0., 0., 0., 0., 0., 0., 0., 1.,
          0., 0., 0., 2., 0., 0., 0., 0., 0., 0., 1., 0., 0., 0., 1., 0.,
          0., 0., 2., 0., 0., 0., 0., 2., 1., 1., 0., 0., 0., 0., 0., 0.,
          0., 0., 0., 0., 0., 0., 0., 0., 0., 0., 0., 0., 0., 0., 6., 0.,
          0., 0., 0., 0., 1., 0., 0., 3., 1., 5., 0., 0., 0., 0., 0., 2.,
          0., 0., 0., 0., 0., 3., 2., 0., 1., 0., 6., 0., 0., 0., 1., 0.,
          0., 0., 0., 1., 0., 0., 0., 0., 0., 0., 0., 0., 1., 1., 0., 0.,
          0., 0., 0., 0., 0., 0., 0., 0. ]
      - [ 0., 0., 0., 0., 0., 0., 0., 0., 0., 0., 0., 0., 0., 0., 0., 0.,
          0., 1., 0., 0., 0., 0., 0., 0., 0., 0., 0., 0., 0., 0., 0., 0.,
          0., 0., 0., 0., 0., 0., 0., 0., 0., 0., 0., 0., 0., 0., 2., 0.,
          0., 0., 0., 1., 1., 3., 0., 0., 0., 0., 0., 0., 1., 0., 0., 0.,
          0., 0., 0., 0., 0., 0., 0., 0., 0., 0., 0., 0., 0., 0., 0., 0.,
          0., 0., 0., 0., 0., 0., 0., 0., 0., 0., 0., 0., 0., 0., 0., 0.,
          0., 0., 0., 0., 0., 2., 0., 0., 0., 0., 0., 0., 0., 0., 0., 0.,
          0., 0., 0., 0., 0., 0., 0., 0., 0., 0., 0., 0., 0., 0., 0., 0.,
          0., 1., 0., 1., 0., 0., 0., 0., 0., 0., 0., 0., 1., 0., 0., 0.,
          0., 0., 0., 0., 0., 0., 0., 0., 0., 0., 0., 0., 0., 0., 0., 0.,
          0., 1., 0., 0., 0., 1., 0., 0., 1., 0., 0., 0., 0., 0., 0., 0.,
          0., 0., 0., 0., 0., 0., 0., 0., 0., 0., 0., 0., 0., 0., 1., 0.,
          0., 1., 0., 0., 0., 0., 0., 1. ]
      - [ 0., 0., 0., 0., 0., 0., 0., 0., 0., 0., 0., 0., 0., 0., 1., 0.,
          0., 1., 0., 1., 4., 0., 0., 1., 0., 0., 0., 1., 0., 0., 0., 0.,
          0., 0., 1., 0., 0., 0., 0., 0., 0., 0., 0., 0., 0., 0., 0., 0.,
          0., 0., 0., 0., 0., 0., 0., 0., 0., 6., 0., 0., 0., 1., 0., 1.,
          0., 0., 0., 9., 0., 0., 0., 0., 3., 0., 0., 0., 0., 0., 0., 0.,
          0., 0., 0., 0., 0., 0., 0., 0., 0., 1., 0., 0., 0., 0., 0., 0.,
          0., 0., 0., 0., 1., 0., 0., 0., 0., 0., 0., 0., 0., 0., 0., 0.,
          0., 0., 0., 1., 1., 1., 0., 3., 0., 0., 0., 0., 0., 0., 0., 0.,
          0., 0., 0., 0., 0., 0., 0., 0., 0., 0., 0., 0., 0., 0., 1., 0.,
          0., 0., 0., 0., 0., 0., 0., 0., 1., 0., 0., 0., 0., 0., 0., 0.,
          0., 0., 0., 0., 0., 0., 0., 0., 0., 0., 0., 0., 0., 0., 0., 0.,
          0., 0., 0., 0., 0., 3., 0., 0., 0., 0., 4., 0., 0., 0., 0., 0.,
          0., 0., 0., 0., 0., 0., 0., 0. ]
      - [ 1., 0., 0., 0., 0., 0., 2., 0., 0., 0., 0., 1., 0., 0., 0., 0.,
          0., 1., 0., 0., 1., 0., 0., 3., 0., 0., 1., 0., 0., 0., 0., 0.,
          0., 0., 1., 0., 0., 1., 2., 0., 0., 0., 0., 0., 0., 0., 0., 1.,
          0., 0., 0., 0., 0., 0., 0., 0., 0., 0., 0., 0., 2., 2., 12.,
          0., 0., 0., 1., 0., 0., 0., 2., 0., 0., 1., 0., 0., 0., 1., 0.,
          0., 0., 0., 0., 2., 0., 0., 0., 0., 0., 0., 0., 0., 0., 0., 0.,
          1., 0., 0., 0., 0., 1., 0., 3., 0., 0., 0., 0., 0., 1., 0., 0.,
          2., 2., 0., 0., 0., 0., 0., 0., 0., 0., 2., 0., 0., 0., 0., 0.,
          0., 0., 0., 1., 0., 0., 0., 0., 0., 0., 0., 0., 0., 0., 0., 0.,
          0., 4., 0., 0., 0., 0., 0., 0., 0., 1., 0., 0., 0., 0., 0., 1.,
          0., 1., 0., 0., 1., 0., 0., 0., 0., 0., 0., 0., 0., 0., 0., 1.,
          1., 0., 0., 0., 0., 1., 0., 0., 0., 1., 0., 0., 0., 0., 1., 0.,
          0., 0., 1., 0., 0., 0., 0., 1., 1. ]
      - [ 0., 0., 0., 0., 0., 0., 0., 0., 0., 0., 0., 0., 0., 0., 3., 0.,
          0., 0., 0., 1., 4., 0., 0., 0., 0., 0., 0., 0., 0., 0., 0., 0.,
          0., 0., 0., 0., 0., 1., 0., 0., 0., 0., 0., 0., 0., 0., 0., 0.,
          0., 0., 0., 0., 0., 0., 0., 0., 0., 7., 0., 0., 0., 1., 0., 0.,
          0., 0., 0., 11., 0., 0., 0., 0., 0., 0., 0., 0., 0., 0., 0.,
          0., 0., 0., 0., 0., 0., 0., 0., 0., 0., 0., 0., 0., 0., 0., 0.,
          0., 0., 0., 0., 0., 1., 0., 0., 0., 0., 0., 0., 0., 0., 0., 0.,
          0., 0., 0., 0., 1., 1., 0., 0., 3., 0., 0., 0., 1., 0., 0., 0.,
          0., 0., 0., 0., 0., 0., 0., 0., 0., 0., 0., 0., 0., 0., 0., 1.,
          0., 1., 0., 0., 0., 0., 0., 0., 0., 1., 0., 0., 0., 0., 0., 0.,
          0., 0., 0., 0., 0., 0., 0., 0., 0., 0., 0., 0., 0., 0., 0., 1.,
          0., 0., 0., 0., 0., 0., 1., 0., 0., 0., 0., 4., 0., 0., 0., 0.,
          0., 0., 0., 0., 0., 0., 0., 0., 0. ]
      - [ 0., 0., 0., 0., 0., 0., 0., 2., 0., 2., 0., 0., 0., 0., 0., 0.,
          0., 0., 0., 0., 0., 0., 0., 0., 0., 0., 0., 1., 0., 0., 0., 0.,
          0., 1., 0., 0., 0., 0., 0., 0., 0., 0., 0., 0., 0., 0., 0., 0.,
          0., 0., 0., 0., 0., 0., 0., 0., 1., 0., 0., 0., 0., 0., 0., 1.,
          1., 0., 1., 0., 0., 0., 0., 0., 0., 0., 0., 0., 0., 1., 0., 0.,
          0., 0., 0., 0., 0., 0., 0., 0., 1., 0., 0., 0., 0., 0., 0., 0.,
          0., 0., 0., 0., 0., 0., 0., 2., 1., 0., 0., 0., 0., 0., 0., 0.,
          0., 0., 0., 0., 0., 0., 0., 0., 0., 0., 0., 0., 0., 0., 0., 0.,
          0., 0., 0., 0., 0., 0., 0., 0., 0., 0., 2., 0., 0., 0., 2., 0.,
          0., 0., 0., 1., 1., 0., 0., 0., 0., 0., 0., 0., 1., 0., 0., 0.,
          0., 0., 0., 0., 0., 0., 0., 0., 0., 0., 0., 0., 0., 0., 0., 0.,
          0., 0., 0., 0., 1., 0., 0., 0., 0., 0., 0., 0., 1., 0., 0., 0.,
          0., 0., 1., 0., 0., 0., 0., 0. ]
      - [ 0., 0., 0., 0., 0., 0., 3., 3., 0., 0., 0., 2., 0., 0., 1., 0.,
          0., 0., 0., 0., 0., 0., 0., 0., 0., 0., 0., 0., 0., 0., 0., 0.,
          0., 0., 0., 0., 0., 0., 0., 0., 0., 0., 0., 0., 0., 1., 0., 0.,
          0., 0., 1., 0., 0., 0., 0., 0., 0., 0., 0., 0., 0., 0., 0., 0.,
          0., 0., 0., 0., 0., 0., 0., 0., 1., 0., 0., 0., 0., 1., 0., 0.,
          0., 0., 0., 0., 0., 0., 1., 0., 0., 0., 0., 0., 0., 0., 0., 0.,
          0., 0., 0., 0., 0., 0., 0., 0., 0., 0., 0., 0., 0., 0., 0., 0.,
          0., 0., 0., 0., 0., 0., 0., 0., 1., 0., 0., 0., 0., 0., 0., 1.,
          0., 0., 0., 0., 0., 0., 0., 0., 0., 0., 0., 1., 0., 0., 0., 1.,
          1., 0., 0., 0., 0., 0., 0., 0., 1., 0., 0., 0., 0., 0., 2., 0.,
          0., 0., 1., 0., 0., 0., 0., 2., 0., 0., 0., 0., 0., 0., 0., 0.,
          0., 0., 0., 0., 0., 0., 0., 0., 0., 0., 1., 0., 0., 0., 0., 0.,
          0., 0., 0., 0., 0., 0., 1., 0. ]
      - [ 0., 0., 0., 0., 0., 0., 0., 5., 0., 0., 0., 0., 0., 0., 0., 1.,
          0., 0., 0., 0., 0., 0., 0., 0., 0., 0., 0., 0., 5., 0., 0., 0.,
          0., 0., 0., 0., 0., 0., 2., 0., 6., 0., 1., 0., 2., 0., 1., 0.,
          0., 0., 0., 1., 0., 0., 0., 0., 0., 0., 0., 1., 0., 1., 0., 0.,
          0., 0., 0., 0., 1., 0., 1., 0., 0., 0., 0., 1., 0., 0., 0., 0.,
          0., 0., 0., 0., 0., 0., 2., 0., 0., 0., 0., 1., 0., 0., 0., 0.,
          4., 0., 0., 0., 0., 0., 1., 2., 0., 1., 0., 0., 0., 0., 0., 0.,
          0., 0., 0., 0., 0., 1., 2., 0., 0., 0., 0., 2., 1., 0., 0., 0.,
          0., 0., 0., 0., 1., 0., 0., 0., 0., 0., 0., 0., 0., 0., 0., 1.,
          0., 0., 0., 0., 0., 0., 0., 0., 2., 0., 1., 0., 0., 0., 1., 0.,
          0., 0., 0., 0., 0., 1., 0., 0., 0., 0., 0., 1., 0., 2., 0., 0.,
          3., 0., 0., 0., 0., 0., 0., 0., 0., 0., 0., 0., 3., 0., 0., 0.,
          0., 0., 0., 0., 1., 3., 2., 0. ]
      - [ 0., 0., 0., 0., 0., 0., 1., 0., 0., 0., 0., 0., 0., 0., 0., 0.,
          0., 0., 0., 0., 1., 0., 0., 0., 1., 0., 0., 1., 0., 0., 0., 0.,
          0., 0., 2., 0., 0., 0., 0., 0., 0., 0., 0., 0., 0., 0., 0., 1.,
          0., 1., 0., 0., 0., 0., 0., 0., 2., 0., 0., 0., 0., 0., 0., 1.,
          1., 0., 0., 0., 0., 0., 0., 0., 0., 0., 0., 0., 0., 0., 0., 0.,
          0., 0., 0., 1., 0., 0., 0., 0., 1., 1., 0., 0., 0., 0., 0., 0.,
          0., 0., 0., 1., 0., 0., 0., 0., 0., 0., 0., 0., 2., 0., 0., 1.,
          0., 0., 2., 0., 0., 0., 0., 0., 0., 0., 0., 0., 0., 0., 0., 0.,
          0., 0., 0., 0., 0., 0., 1., 0., 0., 0., 0., 0., 0., 0., 1., 0.,
          1., 0., 0., 0., 0., 0., 0., 0., 0., 1., 2., 0., 0., 0., 0., 0.,
          0., 0., 1., 1., 0., 1., 0., 0., 1., 0., 0., 0., 0., 0., 3., 0.,
          0., 0., 0., 0., 0., 1., 0., 0., 0., 0., 0., 0., 0., 0., 0., 0.,
          0., 0., 0., 0., 0., 0., 0., 0. ]
      - [ 0., 0., 0., 0., 0., 0., 0., 0., 0., 0., 0., 0., 0., 0., 0., 0.,
          0., 2., 0., 0., 0., 0., 0., 1., 1., 0., 1., 0., 0., 0., 0., 0.,
          1., 0., 0., 0., 0., 0., 0., 0., 0., 0., 0., 0., 0., 0., 0., 0.,
          0., 0., 0., 0., 0., 0., 0., 0., 0., 1., 0., 0., 0., 0., 0., 0.,
          1., 0., 0., 0., 0., 1., 0., 0., 1., 0., 0., 0., 0., 1., 0., 0.,
          0., 0., 0., 0., 0., 0., 0., 0., 0., 0., 0., 0., 0., 1., 0., 0.,
          0., 0., 0., 1., 1., 0., 0., 0., 0., 0., 0., 0., 1., 0., 0., 0.,
          0., 0., 0., 1., 1., 0., 0., 0., 0., 0., 0., 1., 0., 0., 0., 0.,
          0., 0., 1., 0., 0., 0., 0., 0., 1., 0., 1., 0., 0., 0., 0., 0.,
          0., 0., 1., 0., 0., 0., 0., 0., 0., 0., 0., 0., 0., 0., 0., 0.,
          0., 0., 0., 0., 0., 0., 0., 0., 0., 0., 3., 0., 0., 0., 0., 1.,
          0., 0., 0., 0., 1., 2., 0., 0., 0., 0., 0., 0., 0., 0., 0., 0.,
          0., 2., 0., 0., 0., 0., 0., 0. ]
      - [ 0., 0., 0., 0., 0., 0., 0., 0., 0., 0., 0., 0., 0., 0., 0., 0.,
          0., 0., 0., 1., 0., 0., 4., 0., 0., 0., 0., 1., 0., 0., 0., 0.,
          0., 0., 0., 0., 0., 0., 0., 0., 0., 0., 0., 0., 0., 0., 0., 1.,
          0., 0., 0., 0., 0., 0., 0., 0., 2., 1., 0., 0., 0., 0., 0., 0.,
          0., 0., 1., 0., 0., 0., 0., 0., 9., 0., 0., 0., 0., 0., 0., 0.,
          0., 0., 0., 0., 0., 0., 0., 0., 0., 0., 0., 0., 0., 0., 0., 0.,
          0., 0., 0., 0., 0., 0., 0., 0., 0., 0., 0., 0., 0., 0., 0., 0.,
          0., 0., 0., 1., 1., 0., 0., 0., 0., 0., 2., 0., 0., 0., 0., 0.,
          2., 0., 1., 0., 0., 1., 0., 0., 0., 0., 0., 0., 0., 0., 0., 0.,
          0., 0., 1., 0., 0., 0., 0., 0., 0., 0., 0., 0., 0., 0., 0., 0.,
          0., 0., 2., 0., 0., 0., 0., 0., 2., 0., 0., 0., 0., 0., 0., 0.,
          0., 2., 0., 0., 0., 1., 0., 0., 0., 0., 0., 1., 5., 0., 1., 0.,
          0., 0., 0., 0., 1., 0., 0., 0. ]
      - [ 0., 0., 0., 0., 0., 0., 0., 1., 0., 0., 0., 0., 0., 0., 0., 0.,
          0., 0., 0., 0., 0., 0., 0., 0., 0., 0., 1., 0., 4., 0., 0., 0.,
          0., 0., 0., 0., 1., 0., 1., 0., 0., 0., 0., 0., 0., 3., 0., 0.,
          0., 0., 0., 1., 0., 0., 0., 0., 0., 0., 0., 1., 0., 0., 0., 0.,
          1., 0., 0., 0., 0., 0., 1., 0., 0., 0., 0., 0., 0., 2., 1., 0.,
          0., 0., 0., 0., 0., 0., 5., 0., 0., 0., 0., 0., 0., 0., 0., 0.,
          0., 0., 0., 0., 0., 0., 0., 0., 0., 0., 0., 0., 0., 0., 0., 5.,
          0., 0., 0., 0., 0., 0., 1., 0., 1., 0., 0., 0., 0., 0., 0., 0.,
          0., 0., 0., 0., 0., 0., 0., 1., 0., 1., 0., 0., 0., 0., 0., 0.,
          0., 0., 0., 0., 0., 0., 0., 0., 1., 0., 0., 0., 0., 0., 1., 2.,
          0., 0., 0., 0., 7., 0., 0., 0., 0., 0., 0., 0., 0., 0., 0., 0.,
          0., 0., 0., 0., 0., 0., 0., 0., 0., 0., 0., 0., 0., 0., 0., 0.,
          0., 0., 1., 1., 0., 7., 0., 5. ]
      - [ 1., 0., 1., 0., 0., 0., 1., 0., 0., 0., 0., 2., 0., 0., 0., 0.,
          0., 3., 0., 1., 0., 0., 0., 0., 1., 0., 0., 0., 0., 0., 0., 0.,
          1., 1., 1., 0., 0., 0., 1., 0., 0., 0., 0., 0., 0., 0., 0., 0.,
          0., 1., 1., 1., 0., 0., 0., 0., 1., 0., 0., 0., 0., 0., 0., 1.,
          2., 0., 0., 0., 0., 0., 0., 0., 0., 0., 0., 0., 0., 0., 1., 0.,
          0., 0., 0., 1., 0., 0., 0., 0., 0., 1., 0., 0., 0., 0., 0., 0.,
          0., 0., 0., 1., 0., 0., 0., 0., 0., 0., 0., 0., 0., 0., 0., 0.,
          1., 0., 0., 1., 0., 0., 0., 0., 0., 0., 0., 0., 0., 0., 0., 0.,
          0., 0., 1., 0., 0., 0., 0., 0., 0., 0., 0., 0., 0., 0., 0., 0.,
          0., 0., 0., 0., 0., 0., 0., 0., 1., 0., 0., 0., 0., 0., 0., 0.,
          0., 1., 0., 0., 0., 0., 0., 0., 0., 0., 0., 1., 0., 0., 0., 0.,
          0., 0., 0., 0., 0., 2., 0., 0., 0., 0., 0., 1., 0., 0., 0., 0.,
          0., 0., 0., 0., 0., 0., 0., 1. ]
      - [ 0., 0., 0., 0., 0., 0., 0., 0., 0., 0., 0., 0., 0., 0., 0., 0.,
          1., 0., 0., 0., 0., 0., 0., 0., 0., 1., 0., 0., 2., 0., 0., 0.,
          0., 0., 0., 0., 0., 0., 6., 0., 0., 0., 1., 0., 0., 2., 0., 0.,
          0., 0., 0., 1., 1., 0., 0., 0., 2., 1., 0., 4., 0., 0., 0., 0.,
          0., 0., 0., 0., 0., 0., 1., 0., 0., 0., 0., 0., 0., 0., 0., 0.,
          0., 3., 0., 0., 0., 0., 0., 0., 0., 0., 0., 2., 0., 0., 0., 0.,
          0., 0., 0., 0., 0., 0., 0., 0., 0., 0., 0., 0., 0., 0., 0., 2.,
          0., 2., 0., 0., 0., 1., 2., 0., 0., 0., 0., 0., 0., 0., 0., 0.,
          0., 0., 0., 0., 0., 0., 0., 0., 0., 0., 1., 0., 0., 0., 1., 0.,
          0., 0., 0., 0., 0., 0., 0., 0., 3., 0., 0., 0., 1., 0., 0., 0.,
          3., 0., 0., 0., 3., 0., 0., 0., 0., 0., 0., 0., 0., 0., 0., 0.,
          0., 0., 0., 0., 0., 0., 0., 0., 1., 0., 0., 0., 0., 0., 0., 0.,
          0., 0., 0., 0., 0., 8., 0., 0. ]
      - [ 0., 0., 1., 0., 0., 0., 1., 0., 0., 0., 1., 1., 0., 0., 0., 0.,
          0., 1., 0., 0., 0., 0., 0., 0., 1., 0., 0., 0., 0., 0., 0., 0.,
          0., 0., 0., 0., 0., 0., 0., 0., 0., 0., 0., 0., 0., 0., 0., 0.,
          0., 0., 0., 0., 0., 0., 0., 0., 2., 0., 0., 0., 1., 0., 1., 0.,
          0., 0., 0., 0., 0., 0., 0., 0., 0., 0., 0., 0., 0., 2., 1., 0.,
          0., 0., 0., 0., 0., 0., 0., 0., 0., 1., 0., 0., 0., 0., 0., 0.,
          0., 0., 0., 0., 0., 0., 0., 0., 0., 0., 0., 0., 0., 0., 0., 0.,
          0., 0., 0., 0., 0., 0., 0., 0., 0., 2., 0., 1., 0., 0., 0., 0.,
          0., 0., 0., 0., 0., 0., 0., 0., 0., 0., 1., 0., 1., 0., 0., 0.,
          1., 1., 0., 0., 0., 1., 0., 0., 0., 0., 0., 2., 0., 0., 0., 0.,
          0., 2., 2., 0., 0., 0., 1., 0., 0., 0., 0., 0., 0., 0., 0., 0.,
          0., 0., 0., 2., 0., 0., 0., 0., 0., 0., 0., 1., 0., 0., 0., 0.,
          0., 2., 1., 0., 0., 0., 0., 0. ]
      - [ 0., 0., 0., 0., 0., 0., 0., 1., 0., 1., 0., 0., 0., 0., 1., 0.,
          0., 0., 0., 0., 0., 0., 0., 0., 1., 0., 0., 0., 0., 0., 0., 0.,
          0., 0., 0., 0., 0., 0., 0., 1., 0., 0., 0., 0., 1., 0., 0., 2.,
          0., 0., 0., 0., 2., 0., 0., 0., 0., 0., 0., 0., 0., 0., 0., 0.,
          0., 0., 1., 0., 1., 0., 0., 0., 0., 0., 0., 0., 1., 0., 1., 0.,
          0., 0., 0., 0., 0., 0., 0., 0., 0., 0., 0., 0., 0., 0., 1., 0.,
          0., 0., 1., 0., 1., 0., 0., 0., 2., 0., 0., 0., 0., 0., 0., 0.,
          1., 0., 0., 0., 0., 2., 0., 0., 0., 0., 0., 1., 2., 0., 0., 0.,
          0., 2., 0., 0., 0., 0., 1., 0., 1., 0., 2., 0., 0., 0., 0., 0.,
          1., 0., 0., 0., 2., 0., 0., 0., 0., 0., 1., 2., 0., 0., 0., 0.,
          0., 0., 1., 0., 0., 0., 0., 0., 0., 0., 0., 0., 1., 0., 0., 0.,
          0., 0., 0., 0., 1., 1., 0., 0., 0., 0., 0., 0., 0., 0., 0., 0.,
          1., 0., 0., 0., 0., 0., 1., 1. ]
      - [ 0., 0., 0., 0., 0., 1., 1., 1., 0., 0., 0., 0., 0., 0., 0., 0.,
          0., 0., 1., 0., 0., 0., 0., 0., 0., 0., 0., 0., 0., 0., 0., 0.,
          0., 0., 0., 0., 0., 0., 0., 0., 0., 0., 0., 0., 0., 0., 1., 0.,
          0., 0., 0., 0., 0., 2., 0., 0., 0., 0., 0., 0., 1., 2., 0., 0.,
          0., 0., 0., 0., 0., 0., 0., 0., 0., 0., 0., 0., 0., 0., 0., 0.,
          0., 0., 0., 0., 0., 0., 0., 0., 0., 0., 0., 0., 0., 0., 0., 0.,
          0., 0., 0., 0., 0., 1., 0., 0., 0., 0., 1., 0., 0., 0., 1., 0.,
          0., 0., 0., 0., 0., 0., 0., 0., 0., 0., 0., 1., 0., 0., 0., 0.,
          0., 0., 0., 1., 0., 0., 0., 0., 0., 0., 0., 1., 1., 0., 0., 0.,
          0., 0., 0., 0., 0., 0., 0., 0., 1., 0., 0., 0., 0., 0., 0., 0.,
          0., 1., 0., 1., 0., 0., 0., 0., 1., 0., 0., 0., 0., 0., 0., 0.,
          0., 0., 0., 0., 0., 0., 0., 0., 0., 0., 0., 0., 0., 0., 0., 0.,
          0., 1., 0., 0., 0., 0., 0., 1. ]
      - [ 0., 0., 0., 1., 0., 1., 0., 1., 0., 0., 0., 0., 0., 0., 0., 1.,
          0., 0., 0., 0., 1., 1., 0., 0., 0., 0., 0., 0., 0., 0., 0., 0.,
          0., 0., 1., 0., 0., 0., 0., 0., 0., 0., 0., 0., 0., 0., 0., 0.,
          0., 0., 0., 0., 1., 0., 0., 1., 0., 0., 0., 0., 0., 0., 0., 0.,
          0., 0., 0., 0., 0., 0., 2., 0., 0., 0., 0., 0., 0., 1., 0., 0.,
          0., 0., 0., 0., 1., 0., 0., 0., 0., 0., 0., 0., 0., 0., 0., 1.,
          0., 0., 0., 0., 0., 0., 0., 0., 0., 0., 0., 0., 0., 0., 0., 0.,
          0., 1., 0., 0., 0., 1., 0., 0., 0., 0., 2., 0., 0., 0., 0., 0.,
          1., 1., 0., 0., 0., 1., 0., 0., 0., 0., 0., 0., 0., 0., 0., 1.,
          2., 0., 0., 0., 0., 0., 0., 1., 1., 0., 0., 0., 0., 0., 1., 0.,
          0., 1., 0., 0., 0., 0., 0., 1., 1., 0., 0., 0., 0., 0., 0., 0.,
          0., 0., 0., 0., 0., 0., 0., 0., 0., 0., 0., 0., 0., 0., 0., 1.,
          0., 0., 0., 0., 0., 0., 0., 0. ]
      - [ 0., 0., 0., 0., 0., 0., 0., 0., 0., 2., 0., 1., 0., 0., 1., 0.,
          3., 0., 0., 0., 0., 0., 1., 0., 0., 0., 0., 0., 0., 0., 0., 0.,
          0., 0., 0., 0., 0., 0., 2., 0., 0., 0., 0., 0., 0., 1., 0., 0.,
          0., 1., 0., 0., 1., 0., 0., 0., 0., 0., 1., 1., 1., 1., 0., 0.,
          0., 0., 0., 0., 0., 1., 2., 0., 0., 0., 0., 0., 0., 2., 0., 0.,
          0., 0., 0., 0., 0., 0., 1., 0., 1., 0., 0., 1., 1., 0., 0., 0.,
          1., 0., 0., 0., 0., 0., 0., 1., 0., 0., 0., 2., 1., 0., 0., 0.,
          1., 0., 0., 1., 0., 2., 0., 0., 0., 1., 0., 1., 0., 0., 0., 0.,
          0., 1., 0., 0., 0., 1., 0., 0., 3., 0., 0., 0., 0., 0., 0., 0.,
          1., 2., 0., 1., 0., 0., 0., 0., 1., 0., 0., 0., 0., 1., 2., 0.,
          0., 0., 0., 0., 0., 0., 0., 0., 0., 0., 0., 0., 0., 1., 0., 0.,
          3., 0., 0., 0., 0., 0., 0., 0., 0., 0., 0., 0., 0., 0., 0., 1.,
          0., 3., 0., 0., 0., 0., 0., 0. ]
      - [ 0., 0., 1., 0., 0., 0., 2., 0., 0., 0., 1., 0., 0., 0., 2., 0.,
          0., 1., 0., 1., 2., 1., 0., 0., 0., 0., 0., 0., 0., 0., 0., 0.,
          0., 0., 0., 0., 0., 0., 0., 0., 0., 0., 0., 0., 0., 0., 1., 0.,
          0., 0., 0., 0., 0., 2., 0., 0., 0., 0., 0., 0., 0., 0., 0., 0.,
          2., 0., 0., 2., 0., 0., 0., 0., 0., 0., 0., 0., 1., 0., 0., 0.,
          0., 0., 0., 0., 0., 2., 1., 2., 0., 0., 0., 0., 0., 0., 0., 0.,
          0., 0., 0., 0., 0., 1., 0., 1., 0., 1., 1., 1., 1., 0., 0., 0.,
          0., 0., 2., 1., 0., 0., 0., 0., 1., 0., 1., 1., 0., 0., 0., 1.,
          0., 0., 0., 0., 0., 0., 0., 0., 1., 0., 0., 0., 0., 0., 2., 0.,
          0., 0., 0., 1., 0., 2., 0., 0., 0., 0., 0., 1., 0., 0., 0., 0.,
          0., 0., 0., 0., 0., 1., 1., 0., 2., 0., 1., 1., 0., 0., 4., 0.,
          0., 0., 0., 0., 5., 5., 0., 0., 1., 0., 1., 0., 0., 0., 0., 0.,
          0., 1., 0., 0., 0., 0., 0., 0. ]
      - [ 0., 0., 0., 0., 0., 0., 1., 1., 0., 0., 0., 0., 0., 0., 0., 0.,
          0., 0., 0., 1., 0., 0., 0., 1., 0., 0., 0., 0., 0., 0., 0., 0.,
          0., 1., 0., 0., 0., 0., 4., 0., 0., 0., 0., 0., 1., 3., 0., 0.,
          0., 0., 0., 1., 0., 0., 0., 0., 1., 0., 1., 0., 0., 0., 0., 0.,
          0., 0., 0., 0., 2., 1., 1., 0., 0., 0., 0., 0., 1., 1., 0., 0.,
          0., 0., 0., 0., 0., 0., 0., 0., 1., 0., 1., 0., 0., 0., 0., 0.,
          0., 0., 0., 0., 0., 0., 1., 1., 0., 1., 1., 0., 1., 0., 0., 0.,
          0., 0., 0., 0., 0., 0., 0., 0., 1., 0., 0., 0., 0., 0., 0., 0.,
          0., 0., 0., 0., 0., 1., 0., 0., 0., 1., 0., 0., 0., 0., 0., 0.,
          0., 3., 0., 0., 0., 1., 0., 2., 0., 0., 0., 0., 0., 1., 2., 0.,
          0., 0., 1., 0., 0., 0., 0., 0., 0., 0., 0., 0., 0., 0., 0., 0.,
          0., 0., 0., 0., 2., 1., 0., 1., 0., 0., 0., 0., 0., 0., 0., 0.,
          1., 2., 0., 0., 0., 5., 0., 12. ]
      - [ 0., 0., 0., 0., 0., 1., 0., 3., 0., 0., 0., 0., 0., 0., 1., 0.,
          0., 0., 0., 0., 0., 0., 0., 0., 1., 0., 4., 0., 0., 0., 0., 0.,
          0., 3., 0., 0., 0., 2., 2., 0., 0., 0., 1., 0., 1., 0., 0., 0.,
          0., 0., 0., 0., 0., 2., 0., 0., 0., 0., 0., 0., 0., 0., 0., 0.,
          0., 0., 1., 0., 0., 0., 0., 0., 0., 0., 0., 0., 0., 9., 0., 0.,
          0., 0., 0., 0., 0., 0., 1., 0., 1., 0., 0., 1., 0., 0., 0., 0.,
          1., 0., 1., 0., 1., 1., 1., 0., 0., 0., 1., 0., 1., 0., 0., 1.,
          0., 1., 1., 0., 0., 1., 0., 0., 0., 1., 0., 0., 0., 0., 1., 0.,
          0., 1., 0., 0., 0., 1., 0., 0., 0., 0., 0., 1., 0., 0., 0., 2.,
          0., 1., 0., 0., 0., 2., 2., 0., 2., 0., 0., 0., 0., 0., 2., 0.,
          0., 2., 0., 0., 1., 0., 0., 0., 1., 0., 0., 0., 0., 0., 0., 0.,
          0., 0., 0., 0., 1., 0., 0., 0., 0., 0., 0., 0., 0., 0., 0., 0.,
          1., 0., 0., 0., 0., 0., 0., 0. ]
      - [ 0., 0., 0., 0., 0., 1., 0., 2., 0., 0., 0., 0., 0., 0., 0., 0.,
          0., 0., 0., 0., 0., 0., 0., 1., 1., 0., 0., 0., 0., 0., 0., 0.,
          0., 4., 0., 0., 0., 1., 5., 0., 1., 0., 0., 0., 1., 0., 0., 0.,
          0., 0., 0., 1., 0., 0., 0., 0., 0., 0., 0., 0., 0., 0., 0., 0.,
          0., 0., 0., 0., 0., 0., 2., 1., 0., 0., 0., 0., 1., 4., 0., 1.,
          0., 0., 0., 0., 0., 0., 2., 0., 2., 0., 0., 1., 1., 0., 0., 0.,
          0., 0., 0., 0., 1., 1., 0., 1., 0., 0., 1., 0., 0., 0., 0., 2.,
          0., 0., 0., 0., 0., 2., 0., 0., 0., 0., 1., 0., 0., 0., 1., 0.,
          1., 1., 0., 0., 0., 1., 0., 0., 0., 0., 1., 0., 0., 0., 0., 0.,
          0., 0., 0., 0., 0., 2., 0., 0., 3., 0., 0., 0., 0., 1., 2., 0.,
          0., 2., 0., 1., 1., 0., 0., 0., 0., 0., 0., 1., 0., 0., 0., 0.,
          0., 0., 0., 0., 0., 0., 0., 0., 0., 0., 2., 0., 0., 0., 0., 0.,
          0., 0., 0., 0., 0., 1., 0., 1. ]
      - [ 1., 0., 0., 0., 1., 0., 3., 2., 0., 0., 0., 0., 0., 0., 1., 0.,
          0., 1., 0., 0., 0., 1., 0., 1., 0., 1., 0., 0., 0., 0., 0., 0.,
          0., 0., 0., 0., 0., 0., 0., 0., 0., 0., 0., 0., 1., 0., 2., 0.,
          0., 0., 1., 0., 0., 0., 0., 0., 1., 1., 0., 0., 2., 0., 2., 0.,
          0., 0., 0., 0., 0., 2., 0., 1., 1., 0., 0., 1., 0., 0., 0., 0.,
          0., 0., 0., 0., 0., 0., 0., 1., 0., 1., 0., 0., 1., 0., 0., 0.,
          0., 0., 0., 0., 1., 1., 0., 0., 0., 0., 2., 0., 0., 0., 0., 0.,
          2., 0., 0., 0., 0., 1., 1., 1., 0., 0., 0., 6., 0., 0., 0., 0.,
          1., 0., 0., 0., 0., 0., 1., 0., 0., 0., 0., 0., 0., 0., 1., 0.,
          0., 0., 0., 1., 1., 0., 0., 1., 1., 0., 0., 1., 0., 0., 0., 0.,
          2., 0., 0., 0., 0., 2., 0., 0., 2., 0., 0., 0., 0., 0., 5., 0.,
          0., 0., 0., 0., 2., 0., 0., 0., 1., 0., 0., 0., 0., 0., 1., 0.,
          0., 1., 0., 0., 0., 0., 0., 0. ]
      - [ 0., 0., 0., 0., 0., 0., 0., 2., 0., 0., 0., 0., 0., 0., 0., 0.,
          0., 0., 0., 1., 0., 0., 0., 2., 0., 0., 0., 0., 0., 0., 0., 0.,
          0., 2., 0., 0., 0., 0., 7., 0., 0., 0., 0., 0., 3., 0., 2., 0.,
          0., 0., 0., 0., 2., 0., 0., 0., 0., 0., 1., 1., 0., 0., 0., 0.,
          1., 0., 0., 0., 1., 0., 2., 1., 1., 0., 0., 0., 1., 0., 0., 0.,
          0., 0., 0., 0., 0., 0., 0., 1., 1., 0., 0., 0., 1., 0., 0., 0.,
          0., 0., 0., 0., 1., 0., 0., 2., 0., 0., 0., 0., 0., 0., 0., 1.,
          0., 0., 0., 0., 0., 0., 0., 0., 0., 0., 1., 0., 1., 0., 0., 0.,
          1., 0., 0., 1., 0., 0., 0., 0., 0., 0., 0., 0., 0., 0., 1., 0.,
          1., 0., 0., 0., 0., 1., 0., 1., 0., 1., 0., 0., 1., 1., 2., 1.,
          1., 1., 1., 0., 1., 0., 0., 0., 0., 0., 0., 1., 1., 0., 0., 0.,
          0., 0., 1., 0., 1., 0., 0., 0., 0., 0., 1., 0., 0., 0., 0., 0.,
          0., 0., 0., 1., 1., 6., 0., 2. ]
      - [ 0., 0., 0., 0., 0., 0., 0., 0., 0., 0., 0., 1., 0., 0., 2., 0.,
          0., 2., 0., 1., 1., 0., 0., 0., 0., 0., 0., 0., 0., 0., 0., 0.,
          0., 0., 0., 0., 0., 0., 0., 0., 0., 0., 0., 0., 0., 0., 1., 0.,
          0., 2., 0., 0., 0., 0., 0., 0., 0., 0., 0., 0., 0., 0., 0., 0.,
          1., 0., 0., 2., 0., 0., 0., 1., 3., 0., 0., 0., 0., 0., 0., 0.,
          0., 0., 0., 0., 0., 0., 0., 0., 1., 0., 0., 0., 0., 0., 0., 0.,
          0., 0., 0., 0., 0., 0., 0., 0., 0., 1., 1., 0., 0., 0., 1., 0.,
          0., 0., 0., 2., 0., 1., 0., 0., 1., 0., 1., 1., 0., 0., 0., 0.,
          3., 0., 0., 0., 0., 0., 1., 0., 0., 0., 0., 0., 0., 0., 1., 0.,
          0., 0., 0., 1., 0., 1., 0., 1., 0., 1., 0., 0., 2., 0., 0., 0.,
          0., 0., 1., 1., 1., 1., 1., 1., 3., 0., 1., 1., 0., 0., 0., 1.,
          0., 0., 0., 0., 2., 3., 0., 0., 0., 1., 1., 0., 0., 0., 1., 0.,
          0., 0., 0., 0., 0., 0., 0., 0. ]
   decision_functions:
      -
         sv_count: 34
         rho: 1.5627406144884406e-02
         alpha: [ 1.0644371483721306e+01, 1.5147257301944608e+01,
             3.9559884056207850e+00, 7.6875945993626553e+00,
             2.0824264236712393e+00, 5.0313593113394667e+01,
             1.2582267239946097e+01, 5.2888008981635215e+00,
             1.2055111755000619e+01, 1.5680611353720466e+00,
             6.1210047330327688e+00, 3.7735360572462562e+00,
             6.9057215267909555e+00, 4.8797069740247716e+00,
             1.7037786225188935e+01, 1.1089382563244143e+01,
             5.3417022183746576e+00, 7.6612589590308424e+00,
             7.8294421059534223e+00, 1.2645682555683930e+01,
             1.1272938335507400e+01, 1.6023373706067055e+01,
             1.6928550675557823e+00, 9.9311843726581301e+00,
             1.2438045233071740e+01, 3.2728057244296855e+00,
             1.5113384170851649e+01, -1.9538147665976666e+01,
             -3.0183674419219599e+01, -3.2207877707373932e+01,
             -4.7489423863695471e+01, -4.5096111195698320e+01,
             -3.7340048032945724e+01, -6.2500000000000000e+01 ]
         index: [ 0, 1, 2, 3, 4, 5, 6, 7, 8, 9, 10, 11, 12, 13, 14, 15,
             16, 17, 18, 19, 20, 21, 22, 23, 24, 25, 26, 27, 28, 29, 30,
             31, 32, 33 ]
