%YAML:1.0
my_svm: !!opencv-ml-svm
   svm_type: C_SVC
   kernel: { type:RBF, gamma:1.0000000000000001e-05 }
   C: 1.0000000000000001e-01
   term_criteria: { epsilon:1.1920928955078125e-07, iterations:1000 }
   var_all: 200
   var_count: 200
   class_count: 2
   class_labels: !!opencv-matrix
      rows: 1
      cols: 2
      dt: i
      data: [ -1, 1 ]
   sv_total: 48
   support_vectors:
      - [ 0., 0., 0., 0., 0., 0., 0., 0., 0., 0., 0., 1., 0., 1., 0., 0.,
          0., 1., 0., 0., 0., 0., 2., 0., 0., 0., 0., 1., 0., 0., 0., 0.,
          0., 0., 0., 0., 0., 1., 0., 0., 1., 0., 0., 0., 0., 0., 1., 0.,
          0., 0., 0., 0., 0., 0., 0., 0., 0., 0., 0., 0., 0., 0., 0., 0.,
          0., 0., 0., 0., 0., 0., 0., 2., 0., 0., 0., 2., 0., 0., 0., 0.,
          0., 0., 0., 0., 0., 0., 1., 0., 0., 0., 0., 0., 0., 0., 0., 1.,
          0., 0., 0., 0., 0., 0., 0., 0., 0., 0., 0., 0., 0., 0., 0., 0.,
          0., 0., 0., 0., 0., 0., 0., 0., 0., 0., 0., 0., 1., 0., 0., 0.,
          0., 0., 0., 0., 0., 0., 0., 0., 0., 0., 0., 0., 0., 0., 0., 0.,
          0., 0., 0., 0., 0., 0., 0., 0., 1., 0., 0., 0., 0., 0., 1., 0.,
          0., 0., 0., 0., 0., 0., 0., 2., 0., 0., 0., 0., 0., 0., 0., 0.,
          1., 0., 0., 0., 0., 0., 0., 0., 0., 0., 0., 0., 0., 0., 0., 0.,
          0., 0., 0., 0., 0., 1., 0., 0. ]
      - [ 0., 0., 0., 0., 0., 1., 0., 3., 0., 0., 0., 0., 0., 0., 1., 0.,
          0., 0., 0., 0., 0., 0., 0., 0., 1., 0., 4., 0., 0., 0., 0., 0.,
          0., 3., 0., 0., 0., 2., 2., 0., 0., 0., 1., 0., 1., 0., 0., 0.,
          0., 0., 0., 0., 0., 2., 0., 0., 0., 0., 0., 0., 0., 0., 0., 0.,
          0., 0., 1., 0., 0., 0., 0., 0., 0., 0., 0., 0., 0., 9., 0., 0.,
          0., 0., 0., 0., 0., 0., 1., 0., 1., 0., 0., 1., 0., 0., 0., 0.,
          1., 0., 1., 0., 1., 1., 1., 0., 0., 0., 1., 0., 1., 0., 0., 1.,
          0., 1., 1., 0., 0., 1., 0., 0., 0., 1., 0., 0., 0., 0., 1., 0.,
          0., 1., 0., 0., 0., 1., 0., 0., 0., 0., 0., 1., 0., 0., 0., 2.,
          0., 1., 0., 0., 0., 2., 2., 0., 2., 0., 0., 0., 0., 0., 2., 0.,
          0., 2., 0., 0., 1., 0., 0., 0., 1., 0., 0., 0., 0., 0., 0., 0.,
          0., 0., 0., 0., 1., 0., 0., 0., 0., 0., 0., 0., 0., 0., 0., 0.,
          1., 0., 0., 0., 0., 0., 0., 0. ]
      - [ 0., 0., 0., 0., 0., 0., 0., 1., 0., 0., 0., 1., 0., 0., 1., 0.,
          0., 1., 0., 0., 0., 0., 0., 0., 0., 0., 0., 0., 0., 0., 0., 0.,
          0., 0., 0., 0., 0., 0., 0., 0., 0., 0., 0., 0., 0., 0., 0., 0.,
          0., 0., 0., 0., 0., 0., 0., 0., 1., 0., 0., 0., 0., 0., 0., 0.,
          0., 0., 0., 0., 0., 0., 0., 0., 0., 0., 0., 0., 0., 0., 0., 0.,
          0., 0., 0., 0., 0., 1., 0., 0., 0., 1., 0., 0., 0., 1., 0., 0.,
          0., 0., 1., 1., 0., 0., 0., 1., 0., 0., 0., 1., 0., 0., 0., 0.,
          0., 0., 0., 0., 0., 0., 0., 0., 0., 0., 0., 0., 1., 0., 2., 0.,
          0., 0., 0., 0., 0., 0., 0., 0., 0., 0., 1., 0., 0., 0., 2., 1.,
          2., 0., 0., 0., 0., 0., 0., 0., 0., 0., 0., 0., 0., 0., 0., 0.,
          0., 0., 0., 0., 0., 0., 0., 0., 0., 0., 0., 0., 0., 0., 0., 0.,
          0., 0., 0., 0., 0., 0., 0., 0., 0., 0., 0., 0., 0., 0., 0., 0.,
          0., 0., 0., 0., 0., 0., 0., 0. ]
      - [ 0., 0., 0., 0., 0., 1., 0., 0., 0., 0., 0., 0., 0., 0., 0., 0.,
          1., 1., 1., 0., 0., 0., 0., 0., 0., 0., 0., 0., 0., 0., 0., 0.,
          0., 2., 0., 0., 0., 0., 0., 0., 0., 0., 0., 0., 0., 0., 0., 0.,
          0., 0., 0., 0., 0., 0., 0., 0., 0., 0., 0., 0., 0., 0., 0., 0.,
          0., 0., 0., 0., 0., 0., 1., 0., 0., 0., 0., 1., 0., 0., 0., 0.,
          0., 0., 0., 0., 0., 1., 0., 0., 0., 0., 0., 0., 0., 0., 0., 0.,
          0., 1., 0., 0., 0., 0., 0., 0., 0., 0., 0., 0., 1., 0., 0., 0.,
          0., 0., 0., 0., 0., 0., 0., 0., 0., 0., 0., 0., 0., 0., 0., 0.,
          0., 0., 0., 0., 0., 0., 0., 0., 1., 0., 0., 0., 0., 0., 0., 0.,
          0., 0., 0., 0., 0., 0., 1., 0., 0., 0., 0., 0., 0., 0., 0., 2.,
          0., 0., 0., 0., 0., 0., 0., 1., 0., 0., 0., 0., 0., 0., 0., 1.,
          0., 0., 0., 0., 0., 0., 0., 0., 0., 0., 0., 0., 0., 0., 0., 0.,
          0., 0., 0., 0., 0., 0., 0., 0. ]
      - [ 0., 0., 0., 0., 0., 0., 1., 0., 0., 0., 0., 0., 0., 0., 1., 0.,
          0., 0., 0., 0., 0., 0., 0., 0., 0., 0., 0., 0., 0., 0., 0., 0.,
          0., 0., 0., 0., 0., 1., 0., 0., 0., 0., 0., 0., 0., 0., 0., 0.,
          0., 0., 0., 0., 0., 0., 1., 0., 0., 0., 0., 0., 1., 0., 0., 0.,
          0., 0., 0., 1., 0., 0., 0., 0., 6., 0., 0., 0., 0., 0., 0., 0.,
          0., 0., 0., 1., 0., 0., 0., 0., 0., 0., 0., 0., 0., 0., 0., 0.,
          0., 0., 0., 0., 0., 0., 0., 0., 0., 0., 0., 0., 0., 0., 0., 0.,
          0., 0., 0., 0., 0., 0., 0., 0., 0., 0., 0., 0., 0., 0., 0., 0.,
          0., 0., 0., 0., 0., 0., 0., 0., 0., 0., 0., 0., 0., 0., 0., 0.,
          0., 0., 0., 0., 0., 0., 0., 0., 0., 0., 0., 1., 0., 0., 0., 0.,
          0., 0., 1., 0., 0., 0., 0., 0., 0., 0., 0., 1., 0., 0., 0., 0.,
          0., 0., 3., 0., 0., 0., 0., 0., 0., 0., 0., 0., 1., 0., 0., 0.,
          0., 0., 0., 0., 0., 0., 0., 0. ]
      - [ 0., 0., 0., 0., 0., 0., 0., 0., 0., 0., 0., 0., 0., 0., 1., 0.,
          0., 1., 0., 1., 4., 0., 0., 1., 0., 0., 0., 1., 0., 0., 0., 0.,
          0., 0., 1., 0., 0., 0., 0., 0., 0., 0., 0., 0., 0., 0., 0., 0.,
          0., 0., 0., 0., 0., 0., 0., 0., 0., 6., 0., 0., 0., 1., 0., 1.,
          0., 0., 0., 9., 0., 0., 0., 0., 3., 0., 0., 0., 0., 0., 0., 0.,
          0., 0., 0., 0., 0., 0., 0., 0., 0., 1., 0., 0., 0., 0., 0., 0.,
          0., 0., 0., 0., 1., 0., 0., 0., 0., 0., 0., 0., 0., 0., 0., 0.,
          0., 0., 0., 1., 1., 1., 0., 3., 0., 0., 0., 0., 0., 0., 0., 0.,
          0., 0., 0., 0., 0., 0., 0., 0., 0., 0., 0., 0., 0., 0., 1., 0.,
          0., 0., 0., 0., 0., 0., 0., 0., 1., 0., 0., 0., 0., 0., 0., 0.,
          0., 0., 0., 0., 0., 0., 0., 0., 0., 0., 0., 0., 0., 0., 0., 0.,
          0., 0., 0., 0., 0., 3., 0., 0., 0., 0., 4., 0., 0., 0., 0., 0.,
          0., 0., 0., 0., 0., 0., 0., 0. ]
      - [ 0., 0., 0., 1., 0., 0., 0., 0., 0., 0., 0., 1., 0., 0., 1., 0.,
          0., 0., 0., 0., 0., 0., 0., 1., 0., 0., 0., 0., 0., 0., 0., 0.,
          0., 0., 1., 0., 0., 0., 0., 0., 0., 0., 0., 0., 0., 0., 0., 1.,
          0., 0., 0., 0., 0., 0., 0., 0., 2., 0., 0., 0., 0., 0., 0., 0.,
          0., 0., 1., 0., 0., 0., 0., 0., 0., 0., 0., 0., 0., 0., 0., 0.,
          0., 0., 0., 0., 0., 0., 0., 0., 1., 1., 0., 0., 0., 0., 0., 0.,
          0., 0., 0., 0., 0., 0., 0., 0., 0., 0., 0., 0., 0., 0., 0., 0.,
          0., 0., 0., 1., 0., 0., 0., 0., 0., 1., 0., 0., 0., 0., 0., 0.,
          0., 0., 0., 0., 0., 0., 0., 0., 0., 0., 0., 0., 0., 0., 0., 0.,
          0., 0., 0., 0., 0., 0., 1., 1., 0., 0., 0., 0., 0., 0., 0., 3.,
          0., 0., 0., 0., 0., 0., 0., 0., 0., 0., 0., 0., 0., 0., 0., 0.,
          0., 0., 0., 0., 1., 1., 0., 0., 0., 0., 0., 0., 0., 0., 1., 0.,
          0., 0., 0., 0., 0., 0., 0., 0. ]
      - [ 0., 0., 0., 0., 0., 0., 0., 0., 0., 0., 0., 1., 1., 0., 2., 0.,
          0., 4., 0., 0., 0., 1., 0., 0., 0., 0., 0., 0., 0., 0., 0., 0.,
          0., 0., 0., 0., 0., 1., 0., 0., 0., 0., 0., 0., 0., 0., 0., 2.,
          1., 0., 0., 0., 0., 0., 0., 0., 0., 1., 0., 0., 0., 1., 3., 0.,
          0., 0., 1., 2., 0., 0., 0., 0., 0., 0., 0., 0., 0., 0., 0., 0.,
          0., 0., 0., 1., 0., 1., 1., 0., 0., 0., 0., 0., 1., 0., 0., 1.,
          0., 0., 0., 1., 0., 0., 0., 0., 0., 0., 0., 0., 0., 0., 1., 0.,
          0., 0., 3., 1., 0., 0., 0., 3., 1., 0., 0., 0., 0., 0., 0., 0.,
          1., 0., 0., 0., 0., 0., 0., 0., 0., 0., 0., 0., 0., 0., 4., 0.,
          0., 0., 1., 0., 1., 0., 0., 1., 0., 3., 0., 0., 0., 0., 0., 2.,
          0., 0., 0., 0., 1., 0., 2., 0., 1., 0., 4., 0., 0., 0., 0., 0.,
          0., 0., 0., 0., 0., 0., 0., 0., 2., 0., 1., 0., 1., 0., 0., 0.,
          0., 0., 0., 0., 0., 0., 0., 0. ]
      - [ 0., 0., 0., 0., 0., 0., 0., 1., 0., 2., 0., 0., 0., 0., 0., 0.,
          5., 0., 0., 0., 0., 0., 0., 0., 0., 0., 1., 0., 1., 0., 0., 0.,
          0., 1., 0., 0., 0., 0., 1., 1., 0., 1., 0., 0., 0., 0., 1., 1.,
          0., 2., 0., 0., 1., 0., 0., 0., 0., 0., 0., 0., 1., 1., 0., 0.,
          1., 0., 0., 0., 0., 0., 1., 0., 0., 0., 0., 0., 0., 0., 0., 1.,
          0., 0., 0., 0., 0., 0., 0., 0., 0., 0., 1., 1., 1., 0., 0., 0.,
          0., 0., 0., 0., 1., 0., 0., 0., 0., 0., 0., 2., 1., 0., 0., 0.,
          1., 0., 0., 0., 0., 0., 1., 0., 0., 0., 0., 1., 1., 0., 0., 0.,
          0., 3., 0., 1., 0., 1., 0., 0., 2., 1., 0., 0., 1., 0., 0., 0.,
          2., 0., 0., 1., 0., 0., 0., 0., 1., 0., 0., 0., 0., 0., 3., 1.,
          1., 0., 0., 1., 0., 0., 0., 0., 0., 0., 0., 0., 0., 0., 0., 1.,
          0., 0., 0., 1., 0., 0., 0., 0., 0., 0., 2., 0., 0., 0., 0., 0.,
          0., 2., 0., 0., 0., 1., 2., 0. ]
      - [ 0., 0., 0., 0., 0., 0., 2., 0., 0., 0., 0., 1., 2., 0., 0., 1.,
          1., 0., 0., 0., 0., 0., 0., 0., 0., 0., 0., 0., 0., 0., 0., 0.,
          0., 0., 0., 0., 0., 0., 0., 0., 0., 0., 0., 0., 0., 0., 0., 0.,
          0., 0., 0., 0., 0., 0., 0., 0., 0., 0., 0., 0., 1., 0., 1., 1.,
          0., 0., 0., 0., 0., 0., 0., 0., 0., 0., 0., 0., 0., 0., 0., 0.,
          0., 0., 0., 0., 0., 1., 0., 0., 0., 0., 0., 0., 0., 0., 0., 0.,
          0., 0., 0., 0., 0., 1., 0., 1., 0., 0., 0., 0., 0., 0., 0., 0.,
          0., 0., 2., 0., 0., 0., 0., 2., 0., 0., 0., 0., 0., 0., 0., 0.,
          0., 0., 0., 0., 0., 0., 0., 0., 0., 0., 0., 0., 0., 0., 0., 1.,
          0., 0., 0., 0., 0., 0., 0., 0., 0., 0., 0., 1., 0., 0., 0., 0.,
          0., 0., 0., 0., 0., 0., 0., 0., 0., 0., 0., 0., 0., 0., 1., 0.,
          0., 0., 0., 0., 0., 0., 0., 0., 0., 1., 0., 0., 0., 0., 0., 0.,
          0., 0., 0., 1., 0., 0., 0., 0. ]
      - [ 1., 0., 1., 0., 1., 0., 4., 2., 0., 0., 0., 0., 0., 0., 1., 0.,
          0., 0., 1., 1., 0., 0., 0., 1., 0., 0., 0., 0., 0., 0., 0., 0.,
          0., 0., 0., 0., 0., 0., 0., 0., 0., 0., 0., 0., 2., 0., 1., 0.,
          0., 0., 0., 0., 0., 0., 0., 0., 0., 1., 0., 0., 0., 0., 1., 0.,
          1., 0., 0., 0., 0., 2., 0., 1., 1., 0., 0., 1., 1., 0., 0., 0.,
          0., 1., 0., 0., 0., 1., 0., 0., 0., 0., 0., 0., 1., 0., 0., 0.,
          0., 0., 0., 0., 1., 1., 0., 0., 0., 0., 1., 0., 0., 0., 0., 0.,
          2., 0., 0., 0., 0., 0., 1., 0., 0., 0., 1., 2., 0., 0., 0., 0.,
          3., 1., 0., 1., 0., 0., 0., 0., 0., 0., 0., 0., 0., 0., 1., 0.,
          0., 1., 0., 0., 0., 1., 0., 0., 0., 0., 0., 1., 1., 0., 0., 0.,
          0., 0., 0., 0., 0., 2., 1., 0., 2., 0., 0., 0., 0., 0., 7., 0.,
          0., 0., 0., 0., 2., 1., 0., 0., 1., 0., 0., 0., 0., 0., 0., 0.,
          0., 1., 0., 0., 0., 0., 0., 0. ]
      - [ 0., 0., 1., 0., 0., 0., 2., 0., 0., 0., 0., 0., 0., 0., 1., 1.,
          0., 0., 0., 0., 1., 0., 0., 0., 1., 0., 0., 0., 0., 0., 0., 0.,
          0., 1., 0., 0., 0., 0., 0., 0., 0., 0., 0., 0., 2., 0., 0., 0.,
          0., 1., 0., 0., 0., 0., 1., 0., 0., 0., 0., 0., 0., 0., 0., 0.,
          0., 0., 0., 0., 0., 0., 0., 1., 0., 0., 0., 0., 0., 0., 0., 0.,
          0., 0., 1., 1., 0., 0., 0., 0., 0., 0., 0., 0., 0., 0., 0., 0.,
          0., 0., 0., 1., 0., 0., 0., 0., 0., 0., 0., 0., 1., 1., 0., 0.,
          0., 0., 0., 0., 0., 0., 0., 0., 0., 0., 0., 0., 0., 0., 0., 0.,
          0., 0., 0., 0., 0., 2., 0., 0., 0., 1., 0., 0., 0., 0., 0., 1.,
          0., 0., 0., 1., 0., 0., 0., 0., 0., 0., 0., 0., 0., 0., 1., 1.,
          0., 1., 1., 0., 0., 0., 0., 0., 1., 0., 0., 0., 0., 0., 0., 0.,
          0., 0., 0., 0., 0., 0., 0., 0., 0., 0., 0., 0., 0., 0., 0., 0.,
          0., 0., 0., 0., 0., 0., 0., 0. ]
      - [ 0., 0., 0., 0., 0., 0., 0., 1., 0., 0., 0., 0., 0., 0., 0., 0.,
          0., 0., 0., 0., 0., 0., 0., 1., 0., 0., 0., 0., 1., 0., 0., 0.,
          0., 1., 0., 0., 0., 0., 2., 0., 0., 0., 0., 0., 0., 22., 1.,
          0., 0., 0., 0., 1., 0., 0., 0., 0., 0., 0., 0., 0., 0., 0., 1.,
          0., 0., 0., 0., 0., 0., 1., 2., 0., 0., 0., 0., 0., 0., 2., 0.,
          1., 0., 0., 0., 0., 0., 0., 3., 0., 0., 0., 0., 0., 0., 0., 0.,
          0., 0., 0., 0., 0., 0., 0., 0., 0., 0., 0., 0., 0., 0., 0., 0.,
          4., 0., 0., 0., 0., 0., 0., 0., 0., 4., 0., 0., 0., 0., 0., 0.,
          0., 0., 0., 0., 0., 0., 0., 0., 1., 0., 1., 0., 0., 0., 0., 0.,
          0., 0., 0., 0., 0., 0., 0., 0., 0., 0., 0., 0., 0., 0., 1., 1.,
          0., 0., 0., 0., 0., 0., 0., 0., 0., 0., 0., 0., 0., 0., 0., 0.,
          0., 0., 0., 0., 0., 0., 0., 0., 0., 0., 0., 0., 0., 0., 0., 0.,
          0., 0., 0., 1., 0., 0., 14., 0., 4. ]
      - [ 0., 0., 0., 0., 0., 1., 1., 1., 0., 0., 0., 0., 0., 0., 0., 0.,
          0., 0., 1., 0., 0., 0., 0., 0., 0., 0., 0., 0., 0., 0., 0., 0.,
          0., 0., 0., 0., 0., 0., 0., 0., 0., 0., 0., 0., 0., 0., 1., 0.,
          0., 0., 0., 0., 0., 2., 0., 0., 0., 0., 0., 0., 1., 2., 0., 0.,
          0., 0., 0., 0., 0., 0., 0., 0., 0., 0., 0., 0., 0., 0., 0., 0.,
          0., 0., 0., 0., 0., 0., 0., 0., 0., 0., 0., 0., 0., 0., 0., 0.,
          0., 0., 0., 0., 0., 1., 0., 0., 0., 0., 1., 0., 0., 0., 1., 0.,
          0., 0., 0., 0., 0., 0., 0., 0., 0., 0., 0., 1., 0., 0., 0., 0.,
          0., 0., 0., 1., 0., 0., 0., 0., 0., 0., 0., 1., 1., 0., 0., 0.,
          0., 0., 0., 0., 0., 0., 0., 0., 1., 0., 0., 0., 0., 0., 0., 0.,
          0., 1., 0., 1., 0., 0., 0., 0., 1., 0., 0., 0., 0., 0., 0., 0.,
          0., 0., 0., 0., 0., 0., 0., 0., 0., 0., 0., 0., 0., 0., 0., 0.,
          0., 1., 0., 0., 0., 0., 0., 1. ]
      - [ 1., 0., 0., 0., 0., 1., 0., 1., 0., 0., 0., 0., 0., 0., 0., 1.,
          0., 0., 0., 0., 0., 0., 0., 2., 1., 0., 1., 0., 0., 0., 0., 0.,
          0., 0., 0., 0., 0., 0., 1., 0., 0., 0., 0., 0., 0., 0., 1., 0.,
          0., 0., 0., 0., 0., 0., 0., 0., 0., 0., 0., 0., 0., 0., 0., 0.,
          0., 0., 0., 0., 0., 0., 0., 0., 0., 0., 0., 0., 0., 0., 0., 0.,
          0., 0., 0., 0., 0., 0., 0., 0., 0., 0., 0., 0., 0., 0., 0., 0.,
          0., 0., 0., 0., 0., 0., 1., 0., 0., 0., 0., 0., 0., 0., 0., 1.,
          0., 0., 0., 0., 0., 0., 0., 0., 1., 0., 0., 0., 0., 0., 0., 0.,
          0., 0., 0., 0., 0., 1., 0., 0., 0., 0., 0., 0., 0., 0., 0., 1.,
          0., 0., 0., 0., 0., 0., 0., 0., 0., 0., 0., 0., 0., 0., 0., 0.,
          0., 0., 0., 0., 1., 0., 0., 0., 0., 0., 0., 0., 0., 0., 0., 0.,
          0., 0., 0., 0., 0., 0., 0., 0., 0., 0., 0., 0., 0., 0., 0., 0.,
          0., 1., 0., 0., 0., 1., 0., 1. ]
      - [ 0., 0., 0., 0., 0., 0., 0., 0., 0., 0., 0., 0., 0., 0., 0., 0.,
          0., 0., 0., 0., 1., 0., 0., 0., 0., 0., 0., 0., 0., 0., 0., 0.,
          0., 0., 0., 0., 0., 0., 0., 0., 0., 0., 0., 0., 0., 1., 0., 1.,
          0., 1., 0., 0., 0., 0., 1., 0., 1., 0., 0., 0., 0., 0., 2., 0.,
          0., 0., 1., 1., 0., 0., 0., 0., 0., 0., 0., 0., 0., 0., 0., 0.,
          0., 0., 0., 0., 0., 0., 0., 0., 0., 0., 0., 0., 0., 0., 0., 0.,
          1., 0., 0., 0., 1., 0., 1., 0., 0., 0., 0., 0., 1., 0., 0., 1.,
          0., 0., 0., 1., 0., 0., 2., 0., 0., 0., 0., 0., 0., 0., 0., 1.,
          0., 0., 0., 0., 0., 0., 0., 0., 0., 0., 1., 0., 0., 0., 0., 0.,
          0., 0., 0., 0., 0., 0., 0., 0., 0., 1., 0., 0., 0., 0., 1., 3.,
          0., 0., 0., 1., 0., 0., 0., 0., 0., 0., 0., 0., 0., 0., 0., 0.,
          0., 0., 0., 0., 1., 0., 0., 0., 0., 0., 0., 0., 0., 0., 0., 0.,
          0., 1., 0., 0., 0., 0., 0., 0. ]
      - [ 0., 0., 0., 1., 0., 0., 1., 0., 0., 0., 0., 0., 0., 0., 0., 0.,
          0., 0., 0., 0., 0., 0., 0., 1., 0., 0., 0., 0., 0., 0., 0., 0.,
          0., 0., 2., 0., 0., 0., 0., 0., 0., 0., 0., 0., 0., 0., 0., 0.,
          0., 0., 0., 0., 0., 0., 0., 0., 2., 0., 0., 0., 0., 0., 0., 0.,
          0., 0., 0., 0., 0., 0., 0., 0., 0., 1., 0., 0., 0., 0., 0., 0.,
          0., 0., 0., 0., 0., 0., 0., 0., 0., 1., 0., 0., 0., 0., 0., 0.,
          0., 0., 0., 0., 0., 0., 0., 0., 0., 0., 1., 1., 0., 0., 0., 0.,
          0., 0., 0., 0., 0., 0., 0., 0., 0., 1., 0., 0., 0., 0., 0., 1.,
          0., 0., 0., 0., 0., 0., 0., 0., 0., 0., 0., 0., 0., 0., 0., 1.,
          0., 0., 0., 0., 0., 1., 0., 0., 1., 0., 0., 0., 0., 0., 0., 1.,
          0., 0., 0., 0., 0., 0., 0., 1., 0., 0., 0., 0., 0., 0., 0., 0.,
          0., 0., 0., 2., 0., 0., 0., 0., 1., 0., 0., 0., 0., 0., 0., 0.,
          0., 0., 0., 1., 0., 0., 0., 0. ]
      - [ 0., 0., 0., 0., 0., 0., 0., 0., 0., 0., 1., 0., 0., 0., 0., 0.,
          0., 0., 1., 0., 0., 0., 0., 0., 3., 0., 0., 1., 0., 0., 0., 0.,
          0., 0., 0., 0., 0., 0., 0., 0., 0., 0., 0., 0., 0., 0., 0., 0.,
          0., 2., 0., 0., 0., 0., 0., 0., 0., 0., 0., 0., 0., 0., 0., 0.,
          0., 0., 0., 0., 0., 0., 0., 0., 1., 0., 0., 0., 0., 0., 0., 0.,
          0., 0., 0., 0., 0., 0., 0., 0., 0., 0., 0., 0., 0., 0., 0., 0.,
          0., 0., 0., 0., 0., 0., 0., 1., 0., 0., 0., 0., 1., 0., 0., 0.,
          0., 0., 1., 0., 0., 0., 0., 0., 0., 0., 0., 0., 0., 0., 0., 1.,
          0., 0., 0., 0., 0., 0., 0., 0., 0., 0., 0., 0., 0., 0., 0., 0.,
          1., 0., 0., 0., 1., 0., 1., 0., 0., 0., 0., 0., 0., 0., 0., 0.,
          0., 0., 0., 0., 0., 0., 0., 0., 0., 0., 0., 0., 0., 0., 0., 2.,
          0., 0., 0., 0., 0., 0., 0., 0., 0., 0., 0., 0., 0., 0., 0., 0.,
          0., 1., 0., 0., 0., 0., 0., 1. ]
      - [ 1., 0., 0., 0., 0., 0., 2., 0., 0., 0., 0., 1., 0., 0., 0., 0.,
          0., 1., 0., 0., 1., 0., 0., 3., 0., 0., 1., 0., 0., 0., 0., 0.,
          0., 0., 1., 0., 0., 1., 2., 0., 0., 0., 0., 0., 0., 0., 0., 1.,
          0., 0., 0., 0., 0., 0., 0., 0., 0., 0., 0., 0., 2., 2., 12.,
          0., 0., 0., 1., 0., 0., 0., 2., 0., 0., 1., 0., 0., 0., 1., 0.,
          0., 0., 0., 0., 2., 0., 0., 0., 0., 0., 0., 0., 0., 0., 0., 0.,
          1., 0., 0., 0., 0., 1., 0., 3., 0., 0., 0., 0., 0., 1., 0., 0.,
          2., 2., 0., 0., 0., 0., 0., 0., 0., 0., 2., 0., 0., 0., 0., 0.,
          0., 0., 0., 1., 0., 0., 0., 0., 0., 0., 0., 0., 0., 0., 0., 0.,
          0., 4., 0., 0., 0., 0., 0., 0., 0., 1., 0., 0., 0., 0., 0., 1.,
          0., 1., 0., 0., 1., 0., 0., 0., 0., 0., 0., 0., 0., 0., 0., 1.,
          1., 0., 0., 0., 0., 1., 0., 0., 0., 1., 0., 0., 0., 0., 1., 0.,
          0., 0., 1., 0., 0., 0., 0., 1., 1. ]
      - [ 0., 0., 1., 0., 0., 0., 1., 0., 0., 0., 0., 0., 0., 0., 0., 0.,
          0., 0., 0., 0., 0., 0., 0., 0., 1., 1., 0., 0., 0., 0., 0., 0.,
          1., 0., 0., 0., 0., 1., 0., 0., 0., 0., 0., 0., 0., 0., 0., 1.,
          0., 0., 0., 0., 0., 0., 0., 0., 0., 0., 0., 0., 0., 0., 0., 0.,
          0., 0., 0., 0., 0., 0., 0., 0., 0., 0., 0., 0., 0., 1., 0., 0.,
          0., 0., 0., 0., 0., 0., 0., 0., 0., 0., 0., 0., 0., 0., 0., 0.,
          0., 0., 1., 0., 0., 0., 0., 0., 0., 0., 0., 0., 1., 0., 0., 0.,
          0., 0., 0., 0., 0., 0., 0., 0., 0., 0., 0., 0., 0., 0., 0., 0.,
          0., 0., 0., 0., 0., 0., 0., 0., 0., 0., 0., 0., 0., 0., 0., 0.,
          0., 0., 0., 0., 0., 0., 0., 0., 0., 0., 1., 0., 0., 0., 0., 0.,
          0., 0., 1., 0., 0., 0., 0., 0., 0., 1., 0., 1., 0., 0., 1., 2.,
          0., 0., 0., 0., 0., 0., 0., 0., 0., 0., 0., 0., 0., 0., 0., 0.,
          0., 0., 0., 0., 0., 0., 0., 0. ]
      - [ 0., 0., 1., 0., 0., 0., 0., 1., 0., 0., 0., 1., 0., 0., 0., 1.,
          0., 1., 1., 0., 2., 0., 0., 0., 0., 0., 0., 1., 0., 0., 0., 0.,
          0., 0., 1., 0., 0., 0., 0., 0., 1., 0., 0., 0., 0., 0., 1., 1.,
          0., 0., 0., 0., 0., 0., 0., 0., 0., 0., 0., 0., 0., 0., 0., 0.,
          0., 0., 0., 0., 0., 0., 0., 0., 0., 0., 0., 0., 0., 0., 0., 0.,
          0., 0., 0., 0., 0., 0., 0., 0., 0., 1., 0., 0., 0., 0., 0., 0.,
          0., 0., 0., 0., 0., 2., 0., 0., 0., 0., 0., 0., 1., 0., 0., 0.,
          0., 0., 0., 0., 0., 0., 1., 0., 0., 0., 0., 0., 0., 0., 0., 0.,
          0., 0., 0., 0., 0., 0., 0., 0., 0., 1., 0., 2., 0., 0., 0., 1.,
          0., 0., 0., 0., 0., 0., 0., 0., 0., 1., 0., 0., 0., 0., 1., 0.,
          0., 0., 0., 0., 0., 0., 0., 1., 0., 0., 0., 0., 0., 0., 1., 0.,
          0., 2., 0., 0., 0., 0., 0., 0., 0., 0., 0., 0., 0., 0., 0., 0.,
          0., 0., 0., 0., 0., 1., 0., 0. ]
      - [ 0., 0., 0., 0., 0., 0., 0., 1., 0., 0., 0., 0., 0., 0., 0., 0.,
          0., 0., 0., 0., 0., 0., 0., 3., 0., 0., 0., 0., 0., 0., 0., 0.,
          0., 0., 0., 0., 0., 0., 1., 0., 0., 0., 0., 0., 0., 9., 0., 0.,
          0., 0., 0., 1., 0., 0., 0., 1., 0., 0., 0., 0., 0., 1., 0., 0.,
          0., 0., 0., 0., 0., 0., 3., 0., 0., 0., 0., 1., 0., 1., 0., 0.,
          0., 1., 0., 0., 0., 0., 1., 0., 0., 0., 0., 0., 0., 0., 0., 0.,
          0., 0., 0., 0., 0., 0., 0., 0., 0., 0., 0., 0., 0., 0., 0., 0.,
          0., 0., 0., 0., 0., 0., 0., 0., 3., 0., 0., 0., 0., 0., 0., 0.,
          0., 0., 0., 0., 0., 0., 0., 1., 0., 0., 0., 0., 0., 0., 0., 0.,
          0., 0., 0., 0., 0., 0., 0., 0., 0., 0., 1., 1., 0., 0., 0., 1.,
          0., 0., 0., 0., 0., 0., 0., 0., 0., 0., 0., 0., 0., 0., 0., 0.,
          0., 0., 0., 0., 0., 0., 0., 0., 0., 0., 0., 0., 0., 1., 0., 0.,
          0., 0., 0., 0., 0., 8., 0., 8. ]
      - [ 0., 0., 0., 0., 0., 0., 0., 5., 0., 0., 0., 0., 0., 0., 0., 1.,
          0., 0., 0., 0., 0., 0., 0., 0., 0., 0., 0., 0., 5., 0., 0., 0.,
          0., 0., 0., 0., 0., 0., 2., 0., 6., 0., 1., 0., 2., 0., 1., 0.,
          0., 0., 0., 1., 0., 0., 0., 0., 0., 0., 0., 1., 0., 1., 0., 0.,
          0., 0., 0., 0., 1., 0., 1., 0., 0., 0., 0., 1., 0., 0., 0., 0.,
          0., 0., 0., 0., 0., 0., 2., 0., 0., 0., 0., 1., 0., 0., 0., 0.,
          4., 0., 0., 0., 0., 0., 1., 2., 0., 1., 0., 0., 0., 0., 0., 0.,
          0., 0., 0., 0., 0., 1., 2., 0., 0., 0., 0., 2., 1., 0., 0., 0.,
          0., 0., 0., 0., 1., 0., 0., 0., 0., 0., 0., 0., 0., 0., 0., 1.,
          0., 0., 0., 0., 0., 0., 0., 0., 2., 0., 1., 0., 0., 0., 1., 0.,
          0., 0., 0., 0., 0., 1., 0., 0., 0., 0., 0., 1., 0., 2., 0., 0.,
          3., 0., 0., 0., 0., 0., 0., 0., 0., 0., 0., 0., 3., 0., 0., 0.,
          0., 0., 0., 0., 1., 3., 2., 0. ]
      - [ 0., 0., 0., 0., 0., 0., 0., 0., 0., 0., 0., 0., 0., 0., 0., 0.,
          0., 1., 1., 0., 1., 0., 0., 0., 0., 0., 0., 0., 0., 0., 0., 0.,
          0., 0., 0., 0., 1., 0., 0., 0., 0., 0., 0., 0., 0., 0., 0., 0.,
          0., 0., 0., 0., 1., 0., 0., 0., 0., 0., 0., 0., 0., 0., 0., 0.,
          0., 0., 1., 0., 0., 0., 0., 0., 0., 0., 0., 1., 0., 0., 0., 0.,
          0., 0., 0., 0., 0., 0., 0., 0., 0., 0., 0., 0., 0., 0., 0., 0.,
          0., 0., 0., 0., 0., 0., 0., 0., 0., 0., 1., 1., 3., 0., 0., 0.,
          0., 0., 0., 0., 0., 0., 0., 0., 0., 1., 0., 0., 0., 0., 0., 0.,
          0., 0., 0., 0., 0., 0., 0., 0., 0., 0., 0., 0., 0., 0., 0., 0.,
          0., 0., 0., 0., 0., 0., 0., 0., 0., 0., 0., 0., 0., 0., 0., 1.,
          0., 0., 0., 0., 0., 0., 0., 0., 0., 0., 0., 0., 0., 0., 0., 0.,
          0., 0., 0., 0., 0., 0., 0., 0., 0., 0., 0., 0., 0., 0., 0., 0.,
          0., 0., 0., 0., 0., 0., 0., 0. ]
      - [ 0., 0., 0., 0., 0., 1., 0., 0., 0., 0., 0., 1., 0., 0., 0., 0.,
          0., 0., 0., 0., 0., 0., 0., 0., 0., 0., 0., 0., 0., 0., 0., 0.,
          0., 1., 0., 0., 0., 0., 1., 0., 0., 0., 0., 0., 0., 1., 0., 0.,
          0., 1., 0., 0., 0., 0., 0., 0., 0., 0., 0., 0., 0., 0., 0., 0.,
          0., 0., 0., 0., 2., 0., 0., 0., 0., 0., 0., 0., 1., 0., 0., 0.,
          0., 0., 0., 0., 0., 0., 0., 0., 0., 1., 0., 0., 0., 0., 0., 0.,
          0., 0., 0., 0., 0., 0., 0., 0., 0., 0., 0., 0., 0., 0., 0., 0.,
          0., 0., 0., 0., 0., 0., 0., 0., 1., 0., 0., 0., 0., 0., 0., 0.,
          0., 0., 0., 0., 0., 0., 0., 0., 0., 0., 0., 0., 0., 0., 0., 0.,
          0., 0., 0., 0., 0., 0., 0., 0., 0., 0., 0., 0., 0., 0., 0., 1.,
          0., 0., 1., 0., 0., 0., 0., 0., 0., 0., 0., 0., 0., 0., 0., 0.,
          0., 0., 0., 0., 0., 0., 0., 0., 0., 0., 0., 0., 0., 0., 0., 0.,
          0., 1., 0., 0., 0., 0., 0., 0. ]
      - [ 0., 0., 0., 0., 0., 0., 0., 1., 0., 0., 0., 2., 0., 0., 0., 0.,
          0., 0., 0., 0., 0., 1., 0., 1., 0., 0., 0., 0., 0., 0., 0., 0.,
          1., 0., 0., 0., 0., 0., 0., 0., 1., 0., 0., 0., 0., 0., 0., 0.,
          0., 0., 0., 0., 0., 2., 0., 0., 0., 0., 0., 0., 0., 1., 0., 0.,
          0., 0., 0., 0., 0., 0., 2., 0., 0., 0., 0., 1., 0., 0., 0., 1.,
          0., 0., 0., 0., 0., 0., 1., 0., 0., 0., 0., 0., 0., 0., 0., 0.,
          0., 0., 1., 0., 0., 0., 0., 0., 0., 1., 0., 0., 0., 0., 0., 0.,
          0., 0., 0., 0., 0., 0., 1., 0., 1., 0., 0., 0., 0., 0., 0., 0.,
          0., 0., 0., 0., 0., 0., 0., 0., 0., 0., 0., 0., 0., 0., 0., 0.,
          0., 0., 0., 0., 0., 0., 0., 0., 1., 0., 0., 0., 0., 2., 0., 0.,
          1., 0., 0., 1., 1., 1., 0., 1., 1., 0., 0., 1., 0., 0., 1., 0.,
          0., 0., 0., 0., 0., 1., 0., 0., 1., 0., 0., 0., 1., 0., 2., 0.,
          0., 0., 1., 0., 0., 0., 0., 0. ]
      - [ 0., 0., 1., 0., 0., 0., 3., 0., 0., 0., 0., 0., 0., 0., 0., 0.,
          0., 1., 0., 0., 0., 0., 1., 0., 1., 0., 0., 0., 0., 0., 0., 0.,
          0., 0., 0., 4., 0., 0., 0., 2., 0., 0., 0., 0., 0., 0., 0., 0.,
          0., 0., 0., 2., 0., 0., 0., 2., 0., 0., 0., 0., 1., 0., 0., 0.,
          0., 0., 0., 0., 0., 0., 0., 0., 0., 0., 0., 1., 0., 0., 1., 2.,
          0., 0., 0., 1., 0., 0., 0., 0., 0., 1., 1., 0., 0., 0., 0., 0.,
          0., 0., 0., 0., 0., 0., 0., 1., 0., 0., 0., 0., 0., 0., 0., 0.,
          0., 0., 0., 1., 0., 0., 0., 1., 0., 0., 0., 2., 0., 0., 0., 1.,
          0., 0., 1., 0., 0., 0., 0., 0., 0., 0., 0., 0., 0., 0., 0., 0.,
          0., 0., 0., 0., 0., 0., 0., 0., 0., 1., 0., 0., 0., 0., 0., 0.,
          0., 0., 1., 1., 1., 1., 0., 0., 0., 0., 0., 0., 0., 0., 0., 0.,
          0., 3., 0., 0., 0., 0., 0., 0., 0., 0., 0., 0., 0., 1., 0., 0.,
          2., 0., 2., 2., 0., 1., 0., 0. ]
      - [ 0., 0., 0., 0., 0., 0., 0., 0., 0., 0., 0., 0., 0., 0., 0., 1.,
          1., 0., 0., 0., 0., 0., 0., 0., 0., 0., 0., 0., 0., 0., 0., 0.,
          0., 0., 0., 0., 1., 0., 0., 0., 0., 0., 0., 0., 2., 0., 0., 1.,
          0., 0., 0., 0., 0., 0., 0., 1., 0., 0., 0., 1., 0., 0., 0., 0.,
          0., 0., 2., 0., 0., 0., 3., 1., 0., 0., 0., 0., 0., 0., 0., 0.,
          0., 0., 0., 0., 1., 0., 0., 0., 2., 0., 0., 0., 0., 0., 1., 0.,
          0., 1., 0., 0., 0., 0., 0., 0., 1., 0., 0., 0., 3., 0., 1., 0.,
          0., 0., 0., 0., 0., 0., 0., 0., 0., 0., 0., 0., 1., 0., 0., 0.,
          0., 1., 0., 0., 0., 0., 0., 0., 1., 1., 0., 0., 2., 0., 0., 0.,
          0., 0., 0., 0., 0., 1., 0., 0., 0., 0., 0., 0., 0., 1., 0., 1.,
          0., 0., 0., 1., 0., 0., 0., 0., 0., 0., 0., 0., 0., 1., 0., 2.,
          0., 0., 0., 0., 0., 0., 0., 0., 0., 0., 0., 0., 0., 0., 0., 0.,
          0., 0., 0., 0., 0., 0., 0., 1. ]
      - [ 0., 1., 1., 0., 0., 0., 1., 0., 0., 0., 0., 1., 0., 0., 2., 1.,
          0., 0., 0., 0., 0., 0., 0., 0., 1., 0., 1., 1., 0., 0., 0., 0.,
          0., 1., 1., 4., 0., 0., 0., 1., 0., 0., 0., 0., 0., 0., 1., 0.,
          0., 0., 1., 1., 1., 0., 1., 0., 1., 0., 0., 0., 0., 0., 0., 2.,
          0., 0., 0., 0., 0., 0., 0., 0., 0., 0., 0., 0., 0., 0., 1., 0.,
          0., 0., 2., 0., 0., 0., 0., 0., 0., 0., 0., 0., 0., 0., 0., 0.,
          0., 0., 0., 0., 0., 0., 0., 0., 0., 0., 0., 0., 0., 0., 1., 0.,
          0., 0., 0., 0., 0., 0., 0., 0., 0., 0., 0., 1., 0., 0., 0., 2.,
          1., 0., 0., 0., 0., 0., 0., 0., 2., 0., 0., 0., 0., 0., 0., 0.,
          0., 0., 0., 0., 2., 0., 0., 3., 1., 0., 0., 0., 0., 1., 0., 0.,
          1., 0., 0., 1., 2., 0., 0., 0., 0., 0., 0., 0., 0., 0., 0., 1.,
          0., 0., 0., 0., 0., 0., 0., 0., 0., 0., 0., 0., 0., 0., 0., 0.,
          0., 0., 0., 0., 0., 1., 0., 0. ]
      - [ 0., 0., 0., 0., 0., 0., 0., 0., 0., 0., 0., 1., 0., 0., 0., 0.,
          0., 0., 1., 0., 0., 0., 1., 1., 1., 0., 0., 1., 0., 0., 0., 0.,
          0., 0., 0., 1., 0., 0., 0., 0., 0., 0., 0., 0., 0., 1., 0., 0.,
          0., 0., 0., 0., 1., 1., 0., 0., 0., 0., 0., 0., 0., 0., 0., 0.,
          0., 0., 0., 0., 0., 0., 0., 0., 0., 0., 0., 0., 0., 0., 0., 0.,
          0., 0., 0., 0., 0., 0., 0., 0., 0., 0., 0., 0., 0., 0., 0., 0.,
          0., 0., 1., 0., 0., 0., 0., 1., 0., 0., 0., 0., 0., 0., 0., 0.,
          0., 0., 0., 0., 0., 0., 0., 0., 0., 0., 0., 0., 0., 0., 0., 0.,
          0., 0., 0., 0., 0., 0., 0., 0., 0., 0., 0., 0., 0., 0., 0., 0.,
          0., 0., 0., 0., 0., 0., 1., 1., 0., 0., 0., 0., 0., 0., 0., 1.,
          0., 0., 0., 0., 0., 0., 0., 0., 0., 0., 0., 0., 0., 0., 0., 0.,
          0., 0., 0., 0., 1., 0., 0., 0., 2., 0., 0., 0., 0., 0., 0., 0.,
          0., 0., 0., 2., 0., 0., 0., 0. ]
      - [ 0., 0., 0., 0., 0., 0., 1., 1., 0., 0., 1., 1., 0., 0., 0., 0.,
          1., 0., 0., 0., 0., 0., 0., 0., 0., 0., 0., 0., 0., 0., 0., 0.,
          0., 0., 0., 0., 0., 0., 1., 0., 0., 0., 0., 0., 0., 0., 0., 0.,
          0., 0., 0., 0., 0., 0., 0., 0., 0., 0., 0., 0., 0., 0., 0., 0.,
          0., 0., 0., 0., 0., 0., 1., 0., 0., 0., 0., 0., 0., 1., 1., 0.,
          0., 0., 0., 0., 1., 0., 0., 0., 0., 0., 0., 0., 0., 0., 0., 0.,
          0., 0., 1., 0., 0., 0., 0., 0., 0., 1., 0., 0., 0., 0., 0., 0.,
          0., 0., 0., 0., 0., 0., 0., 0., 0., 0., 2., 0., 0., 0., 0., 0.,
          0., 0., 0., 0., 0., 1., 0., 0., 2., 1., 0., 0., 0., 0., 1., 0.,
          2., 0., 0., 0., 0., 0., 0., 0., 2., 1., 0., 0., 0., 0., 0., 0.,
          0., 0., 1., 0., 0., 1., 0., 0., 1., 0., 0., 0., 0., 0., 0., 0.,
          0., 0., 0., 0., 0., 0., 0., 0., 0., 0., 0., 0., 0., 0., 0., 1.,
          0., 0., 0., 1., 0., 1., 1., 0. ]
      - [ 0., 0., 0., 0., 0., 0., 0., 0., 0., 0., 0., 0., 0., 0., 0., 1.,
          0., 0., 0., 0., 0., 0., 0., 0., 0., 0., 0., 0., 0., 0., 0., 0.,
          0., 0., 2., 0., 0., 0., 1., 0., 0., 0., 0., 0., 0., 0., 0., 0.,
          0., 0., 0., 0., 0., 1., 0., 0., 0., 0., 0., 0., 0., 0., 0., 0.,
          0., 0., 1., 1., 0., 0., 0., 0., 1., 0., 0., 0., 0., 1., 0., 0.,
          0., 0., 0., 0., 0., 0., 0., 0., 0., 0., 0., 0., 0., 0., 0., 0.,
          0., 0., 1., 0., 0., 0., 1., 0., 0., 0., 0., 0., 0., 0., 0., 1.,
          0., 0., 0., 0., 0., 0., 0., 1., 0., 0., 0., 0., 0., 0., 0., 1.,
          0., 0., 0., 0., 0., 0., 0., 0., 3., 0., 0., 0., 0., 0., 0., 1.,
          0., 0., 0., 0., 0., 0., 1., 0., 0., 0., 0., 0., 0., 0., 0., 0.,
          0., 0., 0., 0., 0., 0., 0., 0., 0., 0., 0., 0., 0., 0., 0., 0.,
          0., 0., 0., 0., 1., 1., 0., 0., 0., 0., 0., 0., 0., 0., 0., 0.,
          0., 0., 0., 0., 0., 0., 0., 0. ]
      - [ 0., 0., 0., 0., 0., 0., 0., 0., 0., 0., 0., 0., 0., 0., 0., 0.,
          0., 2., 0., 0., 0., 0., 0., 1., 1., 0., 1., 0., 0., 0., 0., 0.,
          1., 0., 0., 0., 0., 0., 0., 0., 0., 0., 0., 0., 0., 0., 0., 0.,
          0., 0., 0., 0., 0., 0., 0., 0., 0., 1., 0., 0., 0., 0., 0., 0.,
          1., 0., 0., 0., 0., 1., 0., 0., 1., 0., 0., 0., 0., 1., 0., 0.,
          0., 0., 0., 0., 0., 0., 0., 0., 0., 0., 0., 0., 0., 1., 0., 0.,
          0., 0., 0., 1., 1., 0., 0., 0., 0., 0., 0., 0., 1., 0., 0., 0.,
          0., 0., 0., 1., 1., 0., 0., 0., 0., 0., 0., 1., 0., 0., 0., 0.,
          0., 0., 1., 0., 0., 0., 0., 0., 1., 0., 1., 0., 0., 0., 0., 0.,
          0., 0., 1., 0., 0., 0., 0., 0., 0., 0., 0., 0., 0., 0., 0., 0.,
          0., 0., 0., 0., 0., 0., 0., 0., 0., 0., 3., 0., 0., 0., 0., 1.,
          0., 0., 0., 0., 1., 2., 0., 0., 0., 0., 0., 0., 0., 0., 0., 0.,
          0., 2., 0., 0., 0., 0., 0., 0. ]
      - [ 0., 0., 0., 1., 0., 0., 0., 0., 0., 0., 1., 0., 0., 0., 1., 0.,
          0., 0., 0., 0., 0., 0., 0., 0., 0., 0., 0., 0., 0., 0., 0., 0.,
          0., 0., 0., 0., 0., 1., 0., 0., 0., 0., 0., 0., 0., 0., 0., 0.,
          0., 0., 0., 0., 0., 0., 0., 0., 0., 0., 0., 0., 0., 0., 0., 0.,
          0., 0., 0., 0., 0., 0., 0., 0., 0., 0., 0., 0., 0., 0., 0., 0.,
          0., 0., 0., 0., 0., 0., 2., 0., 0., 1., 0., 0., 0., 0., 0., 0.,
          0., 0., 1., 0., 0., 0., 1., 0., 0., 0., 0., 0., 0., 0., 0., 0.,
          0., 0., 2., 0., 0., 0., 0., 0., 0., 0., 0., 1., 0., 0., 0., 0.,
          0., 0., 1., 0., 0., 0., 0., 0., 0., 0., 0., 0., 0., 0., 0., 0.,
          0., 0., 0., 0., 0., 0., 0., 1., 0., 0., 0., 0., 0., 1., 0., 4.,
          0., 0., 0., 0., 0., 0., 0., 0., 0., 0., 0., 0., 0., 0., 0., 0.,
          0., 0., 0., 0., 1., 0., 0., 0., 0., 0., 1., 0., 0., 0., 0., 0.,
          0., 0., 0., 0., 0., 0., 0., 0. ]
      - [ 0., 0., 2., 1., 0., 0., 1., 0., 0., 0., 0., 0., 0., 0., 0., 0.,
          0., 0., 0., 0., 0., 1., 0., 0., 1., 0., 0., 1., 0., 0., 0., 0.,
          0., 0., 0., 2., 1., 0., 0., 0., 1., 0., 0., 0., 0., 1., 0., 0.,
          0., 0., 0., 1., 0., 0., 0., 1., 0., 0., 0., 0., 1., 0., 0., 0.,
          0., 0., 0., 0., 0., 0., 0., 0., 0., 0., 0., 0., 0., 0., 0., 2.,
          0., 0., 0., 0., 0., 0., 1., 0., 0., 0., 0., 0., 0., 0., 0., 0.,
          0., 0., 0., 0., 0., 0., 0., 0., 0., 0., 0., 0., 0., 0., 1., 0.,
          0., 0., 0., 1., 0., 0., 0., 0., 0., 0., 0., 0., 0., 0., 0., 1.,
          0., 0., 0., 1., 0., 0., 0., 0., 1., 0., 0., 1., 0., 0., 0., 1.,
          0., 0., 1., 0., 0., 0., 0., 0., 0., 0., 0., 0., 0., 0., 0., 0.,
          0., 0., 1., 0., 1., 0., 0., 0., 0., 0., 0., 0., 0., 0., 0., 0.,
          3., 0., 0., 0., 0., 0., 0., 1., 0., 0., 1., 1., 0., 0., 1., 0.,
          0., 0., 0., 1., 0., 4., 0., 3. ]
      - [ 0., 0., 0., 1., 0., 0., 0., 0., 0., 0., 0., 0., 0., 0., 0., 1.,
          0., 0., 0., 0., 0., 0., 0., 0., 0., 0., 0., 0., 0., 0., 0., 0.,
          0., 0., 1., 0., 0., 0., 0., 0., 0., 0., 0., 0., 0., 0., 0., 0.,
          0., 0., 0., 1., 0., 0., 0., 0., 0., 0., 0., 0., 0., 0., 0., 0.,
          0., 0., 0., 0., 0., 0., 0., 1., 0., 0., 0., 0., 1., 0., 0., 0.,
          0., 0., 0., 0., 0., 0., 1., 0., 0., 1., 1., 0., 0., 0., 0., 0.,
          0., 0., 1., 0., 0., 0., 1., 0., 0., 0., 0., 0., 0., 0., 0., 0.,
          2., 0., 0., 0., 0., 0., 0., 0., 0., 0., 0., 0., 0., 0., 0., 1.,
          0., 0., 2., 0., 0., 0., 0., 0., 0., 0., 0., 0., 1., 0., 0., 0.,
          0., 0., 0., 0., 1., 0., 0., 0., 0., 0., 1., 0., 0., 0., 1., 3.,
          0., 0., 0., 0., 0., 0., 0., 0., 0., 0., 0., 1., 0., 1., 0., 0.,
          1., 0., 0., 0., 0., 0., 0., 0., 0., 0., 0., 1., 0., 0., 0., 0.,
          0., 0., 0., 0., 0., 0., 0., 0. ]
      - [ 0., 0., 0., 0., 0., 0., 0., 0., 0., 0., 0., 1., 0., 0., 0., 0.,
          0., 2., 0., 1., 1., 0., 0., 0., 0., 0., 1., 0., 0., 0., 0., 0.,
          1., 0., 1., 0., 0., 0., 1., 0., 0., 0., 0., 0., 0., 0., 0., 1.,
          0., 1., 0., 0., 0., 0., 0., 0., 0., 1., 0., 0., 1., 0., 0., 1.,
          0., 0., 0., 1., 0., 0., 0., 0., 0., 0., 0., 1., 0., 0., 0., 0.,
          0., 1., 0., 1., 0., 0., 0., 0., 0., 1., 0., 0., 0., 0., 0., 0.,
          0., 0., 0., 1., 0., 0., 0., 0., 0., 0., 0., 0., 0., 0., 0., 0.,
          0., 0., 0., 1., 1., 0., 0., 0., 1., 0., 0., 0., 0., 0., 0., 0.,
          0., 0., 0., 0., 1., 0., 0., 0., 0., 1., 0., 0., 0., 0., 0., 1.,
          0., 0., 1., 0., 0., 0., 0., 0., 0., 0., 0., 0., 0., 0., 0., 0.,
          1., 0., 2., 0., 0., 0., 0., 0., 0., 1., 0., 1., 0., 0., 0., 1.,
          0., 0., 0., 1., 0., 3., 0., 0., 0., 0., 0., 1., 0., 0., 0., 0.,
          0., 1., 1., 0., 0., 0., 0., 0. ]
      - [ 0., 0., 0., 0., 0., 0., 0., 0., 0., 0., 0., 0., 0., 0., 0., 0.,
          0., 0., 0., 0., 0., 0., 0., 0., 0., 0., 0., 2., 0., 1., 0., 0.,
          0., 0., 0., 0., 0., 0., 0., 0., 0., 0., 0., 0., 0., 0., 0., 0.,
          0., 0., 0., 0., 0., 1., 1., 0., 0., 0., 0., 0., 0., 0., 0., 1.,
          18., 0., 0., 0., 0., 0., 0., 0., 0., 0., 0., 0., 0., 0., 0.,
          0., 0., 0., 0., 0., 0., 0., 1., 0., 0., 0., 0., 0., 0., 0., 0.,
          0., 0., 0., 1., 0., 0., 0., 0., 0., 0., 0., 1., 0., 0., 0., 0.,
          0., 0., 0., 0., 0., 0., 0., 0., 0., 0., 0., 1., 1., 1., 0., 0.,
          0., 0., 0., 0., 0., 0., 0., 0., 0., 0., 0., 0., 0., 0., 0., 0.,
          1., 0., 0., 3., 0., 0., 0., 0., 0., 0., 0., 0., 0., 0., 0., 0.,
          1., 0., 1., 0., 1., 0., 0., 0., 3., 6., 0., 0., 0., 0., 0., 0.,
          0., 0., 0., 0., 0., 0., 0., 0., 0., 0., 0., 0., 1., 2., 0., 0.,
          0., 0., 1., 1., 0., 1., 0., 0., 0. ]
      - [ 0., 0., 0., 0., 0., 0., 0., 0., 0., 0., 0., 0., 0., 0., 0., 0.,
          0., 0., 0., 0., 0., 0., 2., 0., 0., 0., 0., 0., 0., 0., 0., 0.,
          0., 0., 0., 0., 0., 0., 0., 0., 0., 0., 0., 0., 0., 0., 0., 0.,
          0., 1., 0., 0., 0., 0., 0., 0., 0., 0., 0., 0., 1., 0., 0., 0.,
          0., 0., 0., 0., 0., 0., 1., 0., 1., 0., 0., 1., 0., 0., 0., 0.,
          0., 0., 0., 0., 0., 0., 0., 0., 0., 0., 0., 0., 0., 0., 0., 0.,
          0., 0., 0., 1., 0., 0., 0., 0., 0., 0., 0., 0., 0., 0., 0., 0.,
          0., 0., 0., 0., 0., 0., 0., 0., 0., 0., 0., 0., 0., 0., 0., 0.,
          0., 0., 0., 0., 0., 0., 0., 0., 0., 0., 0., 0., 0., 0., 0., 0.,
          0., 1., 1., 0., 0., 0., 0., 0., 0., 0., 0., 0., 0., 0., 0., 0.,
          0., 0., 0., 1., 0., 0., 0., 0., 0., 1., 0., 0., 0., 0., 0., 0.,
          0., 0., 0., 0., 0., 0., 0., 0., 0., 0., 1., 1., 0., 0., 0., 0.,
          0., 0., 0., 0., 0., 0., 0., 0. ]
      - [ 0., 0., 0., 1., 0., 1., 0., 1., 0., 0., 0., 0., 0., 0., 0., 1.,
          0., 0., 0., 0., 1., 1., 0., 0., 0., 0., 0., 0., 0., 0., 0., 0.,
          0., 0., 1., 0., 0., 0., 0., 0., 0., 0., 0., 0., 0., 0., 0., 0.,
          0., 0., 0., 0., 1., 0., 0., 1., 0., 0., 0., 0., 0., 0., 0., 0.,
          0., 0., 0., 0., 0., 0., 2., 0., 0., 0., 0., 0., 0., 1., 0., 0.,
          0., 0., 0., 0., 1., 0., 0., 0., 0., 0., 0., 0., 0., 0., 0., 1.,
          0., 0., 0., 0., 0., 0., 0., 0., 0., 0., 0., 0., 0., 0., 0., 0.,
          0., 1., 0., 0., 0., 1., 0., 0., 0., 0., 2., 0., 0., 0., 0., 0.,
          1., 1., 0., 0., 0., 1., 0., 0., 0., 0., 0., 0., 0., 0., 0., 1.,
          2., 0., 0., 0., 0., 0., 0., 1., 1., 0., 0., 0., 0., 0., 1., 0.,
          0., 1., 0., 0., 0., 0., 0., 1., 1., 0., 0., 0., 0., 0., 0., 0.,
          0., 0., 0., 0., 0., 0., 0., 0., 0., 0., 0., 0., 0., 0., 0., 1.,
          0., 0., 0., 0., 0., 0., 0., 0. ]
      - [ 0., 0., 1., 0., 0., 0., 0., 0., 0., 0., 0., 0., 0., 0., 1., 0.,
          0., 2., 0., 0., 0., 0., 0., 0., 0., 0., 0., 1., 0., 0., 0., 0.,
          0., 0., 0., 0., 0., 0., 0., 0., 1., 0., 0., 0., 0., 0., 0., 2.,
          0., 0., 0., 0., 0., 0., 0., 0., 0., 0., 0., 0., 0., 0., 0., 0.,
          0., 0., 0., 2., 1., 0., 0., 0., 0., 0., 0., 1., 0., 0., 0., 0.,
          0., 0., 0., 0., 0., 0., 0., 0., 0., 0., 0., 0., 0., 0., 0., 0.,
          0., 0., 1., 0., 0., 0., 0., 0., 0., 0., 0., 0., 2., 0., 0., 0.,
          0., 0., 0., 0., 0., 0., 1., 0., 0., 0., 1., 0., 0., 0., 0., 0.,
          0., 0., 0., 0., 0., 0., 0., 0., 0., 0., 0., 0., 0., 0., 0., 0.,
          0., 0., 3., 0., 0., 0., 0., 1., 0., 0., 0., 0., 0., 0., 0., 1.,
          0., 0., 0., 0., 0., 0., 0., 0., 1., 0., 0., 0., 0., 0., 0., 0.,
          0., 0., 0., 0., 0., 1., 0., 0., 0., 0., 0., 0., 0., 0., 0., 0.,
          0., 2., 0., 0., 0., 0., 0., 0. ]
      - [ 0., 0., 0., 0., 0., 1., 2., 0., 0., 0., 0., 2., 0., 0., 0., 0.,
          0., 0., 0., 0., 0., 0., 0., 0., 0., 1., 0., 0., 0., 0., 0., 0.,
          0., 0., 1., 0., 0., 0., 0., 0., 1., 0., 0., 0., 0., 0., 0., 1.,
          0., 0., 0., 0., 0., 0., 0., 0., 0., 0., 0., 0., 1., 0., 0., 0.,
          0., 0., 0., 0., 0., 0., 3., 0., 0., 0., 0., 1., 0., 0., 0., 0.,
          0., 1., 0., 0., 0., 0., 0., 0., 0., 1., 0., 0., 2., 0., 0., 0.,
          0., 0., 1., 0., 0., 0., 0., 0., 0., 0., 0., 0., 0., 0., 0., 0.,
          0., 0., 0., 0., 0., 0., 0., 0., 1., 0., 0., 0., 0., 0., 0., 0.,
          0., 0., 0., 0., 0., 0., 0., 0., 0., 0., 0., 0., 0., 0., 0., 3.,
          0., 0., 0., 0., 0., 0., 0., 0., 0., 0., 0., 0., 0., 0., 0., 1.,
          0., 0., 0., 1., 0., 0., 0., 0., 0., 0., 0., 0., 0., 0., 0., 1.,
          0., 0., 0., 0., 0., 0., 0., 0., 0., 0., 0., 0., 0., 0., 0., 0.,
          0., 0., 0., 0., 0., 0., 0., 0. ]
      - [ 0., 0., 0., 0., 0., 1., 0., 1., 0., 0., 0., 1., 0., 0., 0., 0.,
          0., 0., 0., 0., 0., 1., 0., 1., 2., 0., 0., 0., 0., 0., 0., 0.,
          0., 0., 0., 1., 0., 0., 1., 0., 0., 0., 0., 0., 0., 0., 0., 0.,
          0., 0., 0., 0., 0., 1., 0., 0., 0., 0., 0., 0., 1., 0., 0., 0.,
          0., 0., 0., 0., 0., 0., 1., 0., 0., 0., 0., 0., 0., 0., 0., 0.,
          0., 0., 0., 0., 0., 0., 1., 0., 1., 0., 0., 0., 0., 0., 0., 0.,
          1., 0., 0., 1., 0., 0., 0., 1., 0., 0., 1., 0., 0., 0., 0., 0.,
          0., 0., 0., 0., 0., 0., 1., 0., 0., 0., 0., 0., 0., 0., 0., 0.,
          0., 0., 0., 0., 0., 0., 0., 0., 1., 0., 0., 0., 0., 0., 0., 1.,
          0., 0., 1., 0., 0., 0., 0., 0., 0., 0., 0., 0., 0., 0., 0., 1.,
          0., 0., 0., 0., 0., 0., 0., 0., 0., 0., 1., 0., 0., 0., 0., 0.,
          0., 1., 0., 0., 0., 0., 0., 0., 0., 0., 1., 0., 0., 0., 0., 0.,
          0., 0., 0., 0., 0., 0., 0., 0. ]
      - [ 0., 0., 0., 0., 0., 1., 0., 0., 0., 0., 0., 0., 0., 0., 0., 1.,
          0., 0., 0., 0., 0., 0., 0., 1., 0., 0., 0., 0., 0., 0., 0., 0.,
          0., 1., 0., 0., 0., 0., 0., 0., 0., 0., 0., 0., 0., 1., 0., 0.,
          0., 1., 0., 1., 0., 0., 0., 0., 1., 0., 0., 0., 1., 0., 0., 0.,
          0., 0., 1., 0., 1., 0., 1., 0., 0., 0., 0., 0., 0., 0., 0., 0.,
          0., 1., 0., 0., 0., 0., 1., 0., 0., 1., 0., 0., 0., 0., 0., 0.,
          0., 0., 0., 0., 0., 0., 0., 0., 0., 0., 1., 0., 0., 0., 0., 0.,
          0., 0., 0., 0., 0., 0., 0., 0., 2., 0., 0., 0., 0., 0., 0., 0.,
          0., 0., 1., 0., 0., 0., 0., 0., 1., 1., 0., 0., 0., 0., 0., 0.,
          0., 0., 1., 0., 0., 0., 0., 0., 1., 0., 0., 0., 0., 0., 0., 2.,
          0., 0., 0., 0., 0., 0., 0., 0., 0., 0., 0., 0., 0., 0., 0., 0.,
          0., 0., 0., 0., 0., 0., 0., 0., 0., 0., 0., 0., 0., 0., 0., 0.,
          0., 0., 1., 2., 0., 3., 0., 0. ]
      - [ 0., 0., 0., 0., 0., 1., 1., 0., 0., 0., 0., 0., 0., 0., 0., 0.,
          0., 0., 0., 0., 0., 0., 1., 0., 1., 0., 0., 0., 0., 0., 0., 0.,
          0., 0., 1., 1., 0., 0., 0., 0., 0., 0., 0., 0., 0., 0., 0., 0.,
          0., 1., 0., 0., 0., 0., 0., 0., 0., 1., 0., 0., 0., 1., 1., 0.,
          0., 0., 3., 0., 0., 0., 0., 0., 0., 0., 0., 0., 0., 0., 0., 0.,
          0., 0., 0., 0., 0., 0., 0., 0., 1., 0., 0., 0., 0., 0., 0., 0.,
          0., 0., 0., 0., 0., 0., 1., 0., 0., 0., 0., 0., 2., 0., 0., 0.,
          0., 0., 0., 0., 0., 0., 0., 0., 0., 0., 1., 0., 0., 0., 0., 0.,
          1., 0., 0., 0., 0., 0., 0., 0., 0., 0., 0., 0., 0., 0., 0., 0.,
          2., 0., 0., 0., 0., 0., 0., 0., 3., 0., 0., 0., 0., 0., 0., 0.,
          0., 0., 0., 0., 0., 0., 0., 0., 0., 0., 0., 0., 0., 0., 0., 0.,
          0., 0., 0., 0., 0., 0., 0., 0., 0., 0., 0., 0., 0., 0., 2., 0.,
          0., 0., 0., 0., 0., 0., 0., 0. ]
      - [ 0., 0., 0., 0., 0., 0., 0., 3., 0., 0., 0., 1., 0., 0., 0., 2.,
          0., 0., 0., 0., 0., 0., 0., 2., 0., 0., 0., 0., 0., 0., 0., 0.,
          0., 0., 1., 0., 0., 0., 0., 0., 0., 0., 0., 0., 0., 0., 0., 1.,
          0., 1., 0., 0., 0., 1., 0., 0., 1., 0., 0., 0., 0., 0., 0., 0.,
          0., 0., 0., 0., 0., 0., 1., 0., 1., 0., 0., 1., 0., 0., 0., 0.,
          0., 0., 0., 0., 0., 0., 2., 0., 0., 0., 0., 0., 0., 0., 0., 0.,
          0., 0., 1., 0., 1., 0., 0., 0., 0., 0., 0., 0., 1., 0., 0., 0.,
          0., 0., 0., 0., 0., 0., 0., 0., 0., 0., 0., 0., 0., 0., 0., 0.,
          1., 0., 0., 0., 0., 0., 0., 0., 0., 0., 0., 0., 0., 0., 0., 0.,
          0., 0., 0., 0., 0., 0., 0., 0., 0., 0., 0., 0., 0., 0., 0., 2.,
          0., 0., 1., 0., 0., 0., 0., 0., 0., 0., 0., 0., 0., 0., 0., 0.,
          0., 0., 0., 0., 0., 0., 0., 0., 1., 0., 0., 0., 0., 0., 0., 0.,
          0., 0., 0., 0., 0., 0., 1., 0. ]
      - [ 0., 0., 0., 0., 0., 1., 1., 1., 0., 0., 0., 0., 0., 0., 0., 0.,
          0., 0., 1., 0., 0., 0., 0., 0., 1., 0., 0., 0., 0., 1., 0., 0.,
          0., 0., 0., 0., 0., 0., 0., 0., 1., 0., 0., 0., 0., 0., 0., 0.,
          0., 1., 0., 0., 0., 1., 0., 0., 0., 0., 0., 0., 0., 0., 0., 0.,
          0., 0., 0., 0., 0., 0., 0., 1., 0., 0., 0., 1., 0., 0., 0., 0.,
          0., 0., 0., 0., 0., 0., 0., 0., 0., 0., 0., 0., 0., 0., 0., 0.,
          0., 0., 0., 0., 0., 0., 0., 0., 0., 0., 0., 0., 1., 0., 0., 1.,
          0., 0., 0., 0., 0., 0., 0., 0., 0., 0., 0., 0., 0., 0., 0., 0.,
          0., 0., 0., 0., 0., 0., 0., 0., 1., 0., 0., 0., 2., 0., 0., 2.,
          2., 0., 0., 0., 0., 0., 0., 1., 1., 0., 0., 0., 0., 0., 1., 2.,
          0., 0., 0., 0., 0., 0., 0., 0., 0., 0., 0., 0., 0., 0., 0., 1.,
          0., 0., 0., 0., 0., 1., 0., 0., 0., 0., 0., 0., 0., 0., 0., 0.,
          0., 0., 0., 0., 0., 0., 0., 0. ]
      - [ 0., 0., 0., 0., 0., 0., 3., 3., 0., 0., 0., 2., 0., 0., 1., 0.,
          0., 0., 0., 0., 0., 0., 0., 0., 0., 0., 0., 0., 0., 0., 0., 0.,
          0., 0., 0., 0., 0., 0., 0., 0., 0., 0., 0., 0., 0., 1., 0., 0.,
          0., 0., 1., 0., 0., 0., 0., 0., 0., 0., 0., 0., 0., 0., 0., 0.,
          0., 0., 0., 0., 0., 0., 0., 0., 1., 0., 0., 0., 0., 1., 0., 0.,
          0., 0., 0., 0., 0., 0., 1., 0., 0., 0., 0., 0., 0., 0., 0., 0.,
          0., 0., 0., 0., 0., 0., 0., 0., 0., 0., 0., 0., 0., 0., 0., 0.,
          0., 0., 0., 0., 0., 0., 0., 0., 1., 0., 0., 0., 0., 0., 0., 1.,
          0., 0., 0., 0., 0., 0., 0., 0., 0., 0., 0., 1., 0., 0., 0., 1.,
          1., 0., 0., 0., 0., 0., 0., 0., 1., 0., 0., 0., 0., 0., 2., 0.,
          0., 0., 1., 0., 0., 0., 0., 2., 0., 0., 0., 0., 0., 0., 0., 0.,
          0., 0., 0., 0., 0., 0., 0., 0., 0., 0., 1., 0., 0., 0., 0., 0.,
          0., 0., 0., 0., 0., 0., 1., 0. ]
   decision_functions:
      -
         sv_count: 48
         rho: -1.0000627521327892e+00
         alpha: [ 5.8839601411805791e-03, 3.3704729774986222e-03,
             1.8090383414590981e-02, 3.3356392101557310e-02,
             2.9507914489337243e-04, 4.1081812452412880e-03,
             6.5714267292253672e-02, 3.7870478924035768e-03,
             1.3149556554942817e-03, 1.0573728652660293e-02,
             3.2524809123422762e-04, 3.2308380921016053e-02,
             3.6853757357698390e-03, 2.6378165779568044e-02,
             3.8060825855319967e-02, 2.1247331444867394e-02,
             3.4058456380372353e-02, 2.9632092742035161e-02,
             8.6862039629165329e-03, 5.0677910106875518e-03,
             2.1538499871915175e-02, 2.2397876181748247e-03,
             2.6607935673731119e-02, 3.3224471734453351e-02,
             6.0031914783744950e-02, 5.6316513627119952e-02,
             1.2367451743344585e-02, 2.6481899734885690e-02,
             1.9771829614251613e-03, 5.2633873378204136e-03,
             5.2560735401270098e-02, 9.6516139811566159e-03,
             7.8931000186318440e-04, 2.6136581533589654e-02,
             4.3300559394153582e-03, 1.8687534683657957e-03,
             1.9414811287418867e-02, 5.1628383142841979e-04,
             4.6910278901978450e-02, 4.5828190125337322e-02,
             -1.0000000000000001e-01, -1.0000000000000001e-01,
             -1.0000000000000001e-01, -1.0000000000000001e-01,
             -1.0000000000000001e-01, -1.0000000000000001e-01,
             -1.0000000000000001e-01, -1.0000000000000001e-01 ]
         index: [ 0, 1, 2, 3, 4, 5, 6, 7, 8, 9, 10, 11, 12, 13, 14, 15,
             16, 17, 18, 19, 20, 21, 22, 23, 24, 25, 26, 27, 28, 29, 30,
             31, 32, 33, 34, 35, 36, 37, 38, 39, 40, 41, 42, 43, 44, 45,
             46, 47 ]
